<?xml version="1.0" encoding="UTF-8"?>
<!-- Created with VPaint (http://www.vpaint.org) -->

<vec
  version="1.6">
  <playback
    framerange="0 47"
    fps="24"
    subframeinbetweening="off"
    playmode="normal"/>
  <canvas
    position="0 0"
    size="1280 720"/>
  <layer>
    <background
      color="rgba(255,255,255,1)"
      image="Wraped_Section.png"
      position="0 0"
      size="cover"
      repeat="norepeat"
      opacity="0.6"
      hold="yes"/>
    <objects>
      <edge
        id="2"
        startvertex="0"
        endvertex="1"
        curve="xywdense(5 165.170851013328,449.95677336073,5 168.380060395786,451.535803602865,5 171.794851460239,453.514547292344,5 174.797279113286,455.677824583172,5 177.896464245823,458.330562236397,5 180.371553258921,460.62030846246,5 183.272488243212,462.896693508965,5 187.032826318912,465.167117399628,5 190.21805479768,467.077271176144,5 194.076352926861,469.51886300587,5 196.933760136274,471.576930486238,5 200.544168118378,474.259343649833,5 203.482514674953,476.642392802997,5 206.164849626364,479.010185241957,5 209.478732873617,481.6157375664,5 212.046462049228,484.170082034137,5 214.680777259109,486.520601174552,5 218.272702777037,489.528395045006,5 221.361209253584,491.780829195411,5 225.038269482129,494.153426458632,5 228.209072058576,496.308166141987,5 230.932958048596,498.277113258476,5 234.204874507613,500.86042485177,5 236.318630441332,502.914559744687,5 238.339476241869,504.969153284939,5 240.708223711914,507.386409536662,5 243.426281798237,509.831598404292,5 245.535147970097,511.385435803105,5 247.785521936784,512.899824301089,5 251.635454171879,515.021165844051,5 254.087349769683,516.462483996738,5 256.385887193379,517.809733621497,5 258.990686536262,519.203185912176,5 261.611469006276,520.639072707957,5 264.451102581162,522.085964969175,5 267.131509922557,523.418732483387,5 270.823619056243,525.568399476523,5 272.952067338535,527.065360504548,5 275.059069025698,528.664349179486,5 278.579058487575,531.630015208549,5 281.961799985757,534.536639483185,5 285.415279428432,537.665285473601,5 287.869405926958,539.609485711042,5 290.502054860217,541.541372126156,5 292.786901365542,543.10988499571,5 295.039806154598,544.615696516319,5 297.416998311956,546.046003396687,5 299.909278479601,547.459787579727,5 302.745792464306,549.008691221359,5 305.389247393408,550.394823139026,5 308.503572936288,552.016303466937,5 311.566352726151,553.604745016315,5 314.031479699237,554.997368405103,5 316.611025987102,556.462297579093,5 320.434052309244,558.68188055538,5 322.713551531503,560.111140570554,5 324.916419672445,561.541146710708,5 327.113043697152,562.979676407556,5 329.342680946515,564.481031101504,5 333.093170973951,567.011289947237,5 335.465430087962,568.121740220053,5 338.605661500077,569.398666015475,5 341.915583695425,570.675327772564,5 345.645836234473,571.783855509368,5 349.004230278247,572.727144570941,5 353.289583593372,573.234659938133,5 356.727426981704,573.744699731145,5 360.167005954401,574.744016664378,5 363.789102538247,576.323612366023,5 367.112194729933,577.702802991614,5 369.471404582043,578.574278002615,5 371.967511146306,579.485248493824,5 376.385733634094,581.180445983694,5 378.853439139316,582.034444337305,5 381.336567726374,582.926675804018,5 385.878743752581,584.927969287607,5 388.669010100036,586.06511365968,5 391.492289542132,587.461882481061,5 394.420594098158,589.123566642496,5 398.509865427343,591.589039171599,5 401.77798714973,594.034061123132,5 405.525761885536,597.064552655881,5 408.313442315132,599.434490409392,5 410.278947853739,601.047897929382,5 412.30763496727,602.677041143004,5 415.600807633357,605.172855045968,5 419.324361516471,607.616587011911,5 421.713941296646,608.679227534887,5 424.208798313584,609.582517580238,5 428.772487448787,610.750599805141,5 432.785021874173,611.784311979336,5 437.462119943418,613.157121108349,5 440.081286785865,614.168978277386,5 442.668342541825,615.331008266286,5 444.921581830933,616.489686900936,5 447.165909261786,617.66108722889,5 449.681579795322,618.92496026313,5 452.15391751426,620.149422664112,5 456.276208930747,622.201977684363,5 460.759644410839,624.350385094831,5 465.198715206297,626.41338523468,5 467.91401319329,627.422593306677,5 470.641010220234,628.347030839722,5 475.1926372817,629.850079243283,5 478.950889778071,631.157902081371,5 481.550593474218,632.458860946797,5 484.17621807619,633.960529259407,5 488.316889210866,636.484609886633,5 490.596732233488,637.67301662574,5 493.65229928491,639.087705288316,5 496.979864836946,640.566453588608,5 501.435829741493,642.267265673708,5 505.482434718156,643.820718559795,5 509.97717036239,644.926958831276,5 513.597184181945,645.706822790329,5 516.450052046945,646.364825644919,5 519.50648881039,647.098985752521,5 522.092027969132,647.75919068962,5 524.757318264008,648.482658723505,5 527.914099107568,649.229454002022,5 531.468061255376,649.979034534914,5 535.522671448017,650.824086432999,5 539.778074383427,651.673477519463,5 543.939523351655,652.55853140934,5 548.016951345118,653.395741167995,5 551.89538180937,654.047934564934,5 555.678784309704,654.649613785755,5 559.484633553939,655.295157647224,5 563.170380793064,655.935685802074,5 566.671800428712,656.519163891426,5 569.903254309446,657.071576883494,5 572.707129349091,657.562893015845,5 576.2440260155,658.237040198353,5 580.001827903411,659.103285409374,5 582.372852645407,659.792190906966,5 584.816552116298,660.537827790679,5 589.155751835367,661.857924090678,5 592.529701174011,663.257993039865,5 596.527811441804,664.969934129791,5 599.300224546677,666.540845816331,5 601.733365708639,668.016924314839,5 604.707235562329,669.879585011728,5 608.073423502523,671.829662608068,5 611.194065207552,673.546016699864,5 614.47854022662,675.230515477155,5 619.051977712941,677.190715308411,5 623.574461317947,678.839714519514,5 627.849078283443,680.124167923232,5 630.358280293566,680.830593577394,5 632.946147615163,681.571866681105,5 635.279084635236,682.309386951788,5 637.850182666848,683.135138428613,5 642.343338080755,684.582261181469,5 646.682904597322,686.065533336912,5 650.92543352639,687.503066835816,5 655.460760594135,689.162830261843,5 658.086366540184,690.128946762064,5 660.503678622512,690.96392730188,5 663.018015956216,691.806697451862,5 666.419860417675,692.83511908901,5 670.088121784742,693.959820111689,5 674.773365720634,695.547093131014,5 679.337716867347,697.047346896934,5 683.943896834205,698.51089443632,5 686.431919722588,699.274418580089,5 688.951746242354,700.047685993947,5 691.385954832959,700.819064111134,5 693.812354656172,701.589179453406,5 696.26971005399,702.352346795617,5 699.383185941796,703.271761569012,5 702.670408199091,704.213375182985,5 706.517781074295,705.154032536449,5 710.401919149647,706.161589152915,5 713.836310170346,706.993866296431,5 716.863706358131,707.57794920403,5 721.01828315048,708.407651765866,5 724.298715988134,709.265856616372,5 727.90975998364,710.385113558472,5 732.157434200027,711.729477123796,5 735.894017474194,712.646890005364,5 739.286781253678,713.859123363724,5 742.405463795121,715.073436000557,5 746.411218372019,716.61105647513,5 749.746431237181,717.791659412682,5 753.405610622751,719.124968566061,5 757.141619489265,720.661742066184,5 760.003368857994,721.884282995003,5)"
        color="rgba(255,0,0,1)"/>
      <vertex
        id="0"
        position="165.171 449.957"
        color="rgba(0,0,0,1)"/>
      <vertex
        id="1"
        position="760.003 721.884"
        color="rgba(0,0,0,1)"/>
      <face
        id="109"
        cycles="[16+ 22+ 19+]"
        color="rgba(255,255,0,1)"/>
      <edge
        id="16"
        startvertex="14"
        endvertex="10"
        curve="xywdense(5 252.408026384702,533.424926515424,5 250.137585944533,532.446908144332,5 247.540518729416,531.282142398048,5 244.927504529834,529.78816339652,5 242.51889664607,528.299923649838,5 239.589397756989,526.333559732051,5 235.927788206331,523.425519279552,5 233.898163767309,521.907924780148,5 231.311712077525,520.133196730812,5 228.644188418036,518.355533326052,5 225.966354257413,516.813995057472,5 222.93707483896,515.443131322049,5 219.856678812001,514.070208035218,5 216.770635292482,512.512176259607,5 213.841882488986,510.0218585749,5 210.96116518045,507.097063126301,5 208.368528735573,503.621744861653,5 206.55103645312,499.799233234335,5 205.026076421129,497.623176363064,5 203.40156113322,495.620440379803,5 201.704296919647,493.649561446315,5 199.597429765991,491.72827583606,5 196.987248708044,489.885932369079,5 193.910026164739,488.064843394705,5 189.718466763247,486.60977859527,5 185.653509562146,485.008157067526,5 181.76392575904,482.757761256074,5 177.899944476211,480.215432001396,5 174.084703477394,478.007355499262,5 170.224549816291,476.014705727219,5 166.358443465434,473.457421634765,5 163.411564307603,471.023144560895,5 160.927498468677,468.864468405523,5 158.458001492816,466.935769988001,5 155.584462909903,464.722547198083,5 152.73158046002,462.463479392313,5 149.494961799508,460.113310609798,5 146.983085692675,458.171976655471,5 144.146672530382,456.256538739057,5 140.931012403099,453.604994735354,5 138.971606503408,451.609934693033,5 136.876914567876,449.676327897425,5 134.411913866613,447.352700812776,5 132.014750418451,445.303026923036,5 128.479816391647,442.428637230796,5)"
        color="rgba(0,0,0,1)"/>
      <edge
        id="22"
        startvertex="10"
        endvertex="24"
        curve="xywdense(5 128.479816391647,442.428637230796,5 129.35789963421,445.375893532536,5 130.253751765175,448.920894373258,5 130.391113664574,453.742754986843,5 130.235416914823,458.283665891686,5 129.906942433183,463.124125689672,5 129.713396576961,466.180693648065,5 129.519993263042,469.285237322422,5 129.325576110792,472.42776229919,5 129.123919382383,475.78818164395,5 128.965100342087,478.585702851295,5 128.799709430644,481.61845837591,5 128.673696436801,484.148527563823,5 128.545471861821,486.860765677097,5 128.362389761164,491.350873337846,5 128.268093317985,494.239505803517,5 128.189175639566,496.888659976315,5 128.097023729089,499.696080235333,5 127.896876895454,503.850883314323,5 127.754007996519,507.885626905193,5 128.039708011696,512.384994525194,5 128.659464016991,517.254675504875,5 128.545241447047,521.750585250139,5 128.427908092371,526.247697447335,5 128.358125977272,530.379224177702,5)"
        color="rgba(0,0,0,1)"/>
      <vertex
        id="10"
        position="128.48 442.429"
        color="rgba(0,0,0,1)"/>
      <face
        id="110"
        cycles="[30+ 27+ 19- 33+]"
        color="rgba(255,0,0,1)"/>
      <edge
        id="19"
        startvertex="24"
        endvertex="14"
        curve="xywdense(5 128.358125977272,530.379224177702,5 132.598756817036,530.735336615963,5 136.789891027967,530.900297307317,5 141.395463478319,530.837621812474,5 145.342441587357,530.778647338205,5 149.273032821953,530.809251866419,5 152.967158925917,531.049342772615,5 157.159296654084,531.26802655744,5 160.422973518181,531.472841846672,5 164.559455247058,531.585952558678,5 168.536305237773,531.731576479314,5 173.290652164838,531.667696219083,5 176.666849124001,531.617249350225,5 180.571636523165,531.55890527594,5 184.76275283683,531.49207082086,5 188.911611251528,531.668588014352,5 193.086585466399,531.955827204953,5 197.267586765293,531.949868610514,5 200.572094315568,532.125517795834,5 205.124946829507,532.172072978066,5 208.770043472776,532.266948623625,5 212.956089107502,532.380413188292,5 215.75473010436,532.430738443415,5 218.437656877448,532.482980098412,5 221.697973305666,532.611770711677,5 225.765650661823,532.848335493983,5 228.723929413204,533.029902805218,5 233.311475495679,533.060689534851,5 236.826385679444,533.240539897358,5 240.735440443989,533.277653564566,5 245.331782755134,533.218470167979,5 249.351883401177,533.454463633825,5 252.408026384702,533.424926515424,5)"
        color="rgba(0,0,0,1)"/>
      <edge
        id="27"
        startvertex="25"
        endvertex="14"
        curve="xywdense(5 280.567714050481,551.904430700929,5 278.376121364319,550.014191365688,5 275.764113147445,547.77116671408,5 272.400744848424,544.948789317183,5 268.898462231582,542.230076415536,5 266.69373619962,540.985636561878,5 262.150739627329,538.954230194084,5 259.767087582849,537.969620042518,5 256.157564698803,535.8335886994,5 252.408026384702,533.424926515424,5)"
        color="rgba(0,0,0,1)"/>
      <vertex
        id="14"
        position="252.408 533.425"
        color="rgba(0,0,0,1)"/>
      <edge
        id="33"
        startvertex="24"
        endvertex="42"
        curve="xywdense(5 128.358125977272,530.379224177702,5 128.251460259404,534.252600809388,5 128.035991938386,538.53399840461,5 127.613279733392,542.833507843896,5 127.150615774886,546.742234682612,5 126.441832338209,551.201390357295,5)"
        color="rgba(0,0,0,1)"/>
      <vertex
        id="24"
        position="128.358 530.379"
        color="rgba(0,0,0,1)"/>
      <face
        id="111"
        cycles="[51+ 48+ 30- 54+]"
        color="rgba(0,170,0,1)"/>
      <edge
        id="30"
        startvertex="42"
        endvertex="25"
        curve="xywdense(5 126.441832338209,551.201390357295,5 130.480336367516,551.231261990607,5 134.548297975276,551.396759376309,5 138.783073695111,551.401263986106,5 142.599953037498,551.307911886635,5 145.859304270449,551.242614678079,5 150.045362127618,551.507621128707,5 153.432371043204,551.511659557761,5 157.529814940631,551.439032788844,5 160.88497438328,551.376306048984,5 165.293236911887,551.293890908484,5 168.397035443894,551.235863513237,5 172.223929411647,551.164317410439,5 176.198665414861,551.090007311159,5 180.31439580546,551.013061236327,5 184.11824446173,550.941945979599,5 188.352329216196,550.862787198182,5 192.031833828076,550.793996628748,5 195.316076059851,550.730923495742,5 198.717368276288,550.758540614531,5 202.821645495684,550.978798739037,5 206.881588952029,550.913672990203,5 211.090344920686,551.078775026454,5 214.755207840375,551.191565082464,5 217.998398903205,551.127399659396,5 222.115479409602,551.050973055928,5 225.634995618858,550.980907783837,5 229.365609710828,550.917759988631,5 233.448340769563,551.041969498552,5 237.346652635632,551.180253714255,5 240.795761616111,551.109288873957,5 245.30643065562,551.026312781281,5 248.519771164263,550.96623743237,5 252.350296712895,550.889493241871,5 256.411306141662,550.94486036177,5 259.781815327708,551.172961196323,5 263.516976971547,551.487130738272,5 268.031600252672,551.77236113948,5 270.771370928485,552.017276515604,5 274.826880661207,552.10790006459,5 278.686981284064,552.307639789525,5 280.567714050481,551.904430700929,5)"
        color="rgba(0,0,0,1)"/>
      <edge
        id="48"
        startvertex="46"
        endvertex="25"
        curve="xywdense(5 318.843117230568,571.542039969748,5 316.376937231914,570.82149225327,5 312.817531551345,570.152064484063,5 309.377758613879,568.623378656528,5 305.601679747737,566.92775326505,5 301.916859300801,565.647713406124,5 298.442108469532,564.480594299394,5 295.294057402299,563.391165799174,5 292.368599501051,562.193617733548,5 289.667844006748,560.875445219936,5 287.332393258071,559.36059922632,5 285.405555672407,557.496543403569,5 283.567162682721,555.512617752703,5 281.918725459929,553.098684034935,5 280.567714050481,551.904430700929,5)"
        color="rgba(0,0,0,1)"/>
      <vertex
        id="25"
        position="280.568 551.904"
        color="rgba(0,0,0,1)"/>
      <edge
        id="54"
        startvertex="42"
        endvertex="63"
        curve="xywdense(5 126.441832338209,551.201390357295,5 126.236924256426,553.574709065073,5 126.094627129497,556.388491355704,5 126.59551476834,559.912200018533,5 126.793012217213,563.605894713765,5)"
        color="rgba(0,0,0,1)"/>
      <vertex
        id="42"
        position="126.442 551.201"
        color="rgba(0,0,0,1)"/>
      <face
        id="112"
        cycles="[51- 81+ 66+ 73+]"
        color="rgba(170,255,127,1)"/>
      <edge
        id="51"
        startvertex="63"
        endvertex="46"
        curve="xywdense(5 126.793012217213,563.605894713765,5 130.833979874948,563.347680682168,5 134.328770372589,563.338581604043,5 138.037217591332,563.385683056348,5 142.063029615831,563.595587666889,5 146.137250877437,563.79600005261,5 150.176807737778,563.966414182035,5 153.554497359092,564.257413869454,5 157.114032628106,564.521870612947,5 160.349899146452,564.803064616214,5 164.244374743114,565.039106807246,5 167.365984155749,565.27874519981,5 171.74993789244,565.459191398214,5 175.115183348195,565.674332328403,5 178.294756137641,565.854203404825,5 182.227299063069,566.04976882162,5 186.05871516165,566.21008130586,5 190.398272467192,566.478299956623,5 194.179580469369,566.713255678938,5 197.433171636824,566.801559272429,5 200.579526316008,566.948992701159,5 205.299139362327,567.098739915031,5 208.750198169624,567.328772412567,5 211.890429215675,567.504840340397,5 215.999451629968,567.731988598085,5 219.881166581234,567.989299081636,5 222.881669259448,568.19819925818,5 226.823117652314,568.429536628756,5 230.386919141143,568.580757386307,5 234.386763428571,568.763664013709,5 237.451136658495,568.95871855505,5 241.627331477684,569.066505461945,5 245.816485200881,569.210898165503,5 249.557176373198,569.353099055462,5 252.172406368195,569.489777215461,5 256.303714389415,569.773719038718,5 260.17458499816,570.012624127431,5 263.68867279752,570.103185164089,5 267.284574014913,570.09810686307,5 271.53265660988,570.180755043311,5 275.47845568317,570.336891788255,5 278.915207451571,570.365894934934,5 282.264994292176,570.357287090362,5 286.146779845872,570.354721489328,5 289.90981290472,570.391255638427,5 294.002214781794,570.587373679982,5 296.732264254027,570.679625721021,5 300.475204358827,570.952843042911,5 304.202003350848,571.245362084332,5 308.29076396224,571.561951765522,5 311.927328352298,571.662944562979,5 314.943153515976,571.65461259476,5 318.843117230568,571.542039969748,5)"
        color="rgba(0,0,0,1)"/>
      <edge
        id="73"
        startvertex="79"
        endvertex="46"
        curve="xywdense(5 348.272300056308,587.253769171613,5 345.372397218723,585.550536826249,5 341.430810474997,583.003179032185,5 337.775237464185,580.721216838856,5 334.20058149351,578.772416714654,5 330.616119208365,577.218201990958,5 327.117949045239,575.437493884091,5 323.504103321718,573.502437339565,5 320.947732331729,572.40136695231,5 318.843117230568,571.542039969748,5)"
        color="rgba(0,0,0,1)"/>
      <vertex
        id="46"
        position="318.843 571.542"
        color="rgba(0,0,0,1)"/>
      <edge
        id="81"
        startvertex="63"
        endvertex="90"
        curve="xywdense(5 126.793012217213,563.605894713765,5 126.223633266521,567.253156281611,5 125.608945623453,571.413281901224,5 125.246559407056,575.522036162663,5 124.813591494117,579.646396052548,5)"
        color="rgba(0,0,0,1)"/>
      <vertex
        id="63"
        position="126.793 563.606"
        color="rgba(0,0,0,1)"/>
      <face
        id="113"
        cycles="[97+ 102+ 66- 92+]"
        color="rgba(85,255,255,1)"/>
      <edge
        id="66"
        startvertex="90"
        endvertex="79"
        curve="xywdense(5 124.813591494117,579.646396052548,5 129.27973936426,579.89749363557,5 133.465847930543,580.129883104448,5 136.725170599944,580.492105136099,5 139.831005915621,580.825072467175,5 144.415873950598,581.183356261326,5 147.797869026995,581.317429019255,5 151.90573915967,581.298422452523,5 155.516178346816,581.326015006291,5 159.302420280355,581.443984257359,5 163.408027225365,581.530794257018,5 167.140570414518,581.634179851423,5 170.932843190086,581.729293426236,5 174.623435642465,581.70828105944,5 178.164672622623,581.648894982552,5 181.543094299451,581.75401633047,5 185.286595109112,581.913793855963,5 189.612671738327,581.973109164687,5 193.515049977197,582.119579666879,5 196.988003609211,582.090169913517,5 200.194169313531,582.253856511621,5 204.332077105295,582.468449773462,5 208.142317466838,582.634371599316,5 211.918361121138,582.861371345579,5 215.619491435747,583.160996896952,5 219.16938997905,583.378768783069,5 222.891428367444,583.557275794186,5 226.893706564432,583.671617831828,5 230.673768374175,583.700077043476,5 234.049756390281,583.63367112853,5 237.661233656865,583.584686889296,5 241.518395725766,583.66685765578,5 245.531016413279,583.805656780084,5 249.167255816408,583.798829072628,5 252.979858293864,583.848983132829,5 257.077079250076,584.036213226512,5 260.770518595936,584.199464972549,5 264.646489426268,584.272438559414,5 268.333365121027,584.229753547221,5 272.12665258547,584.411678221846,5 275.462583270421,584.505586770852,5 279.147535710663,584.431731889189,5 283.032051601397,584.478672659679,5 286.969311524759,584.63658644381,5 290.949106377028,584.82092937757,5 294.634870268094,584.865752777207,5 298.270643295143,584.907609557368,5 301.989326827523,585.064852590349,5 305.829463458682,585.224880794729,5 309.670596717298,585.385719001262,5 313.312056836412,585.565741348678,5 316.939085049052,585.733821606256,5 320.690792966366,585.881894857907,5 324.492851929494,585.941705503933,5 328.180120012124,585.99556539229,5 331.880661333301,586.070522689972,5 335.441544786586,586.20461113963,5 339.033652163404,586.363408220554,5 342.808578335415,586.567650026576,5 346.090549260757,586.860025847921,5 348.272300056308,587.253769171613,5)"
        color="rgba(0,0,0,1)"/>
      <edge
        id="102"
        startvertex="108"
        endvertex="79"
        curve="xywdense(5 450.899803998031,635.069802939672,5 446.701449592615,632.734013706528,5 443.784350057453,630.670022018846,5 440.876391225544,628.468780479926,5 437.940459244545,626.46928637629,5 434.846153850652,624.81684608103,5 431.586797483451,623.493683005487,5 428.245005733272,622.714073816581,5 425.018111709437,621.998970817641,5 422.306833906789,621.071837739156,5 420.010594317577,620.194138425056,5 417.621315570875,619.31036871696,5 414.165724508313,618.334672486512,5 411.063713592015,617.231063411138,5 408.057640826509,616.201292637938,5 404.802952108446,615.056797719659,5 401.497818264823,613.433588326317,5 398.41905731574,611.382661533735,5 395.520418044279,609.253934821462,5 392.282134123047,607.270264318091,5 389.100603336436,605.729566362481,5 384.919503864695,604.362661237261,5 380.706148109616,603.374455427367,5 376.767595391475,602.818449847632,5 373.129411737245,601.914542449575,5 369.77676249761,600.386480935331,5 366.434792179657,598.223515347185,5 363.026907986236,595.824349845614,5 359.603817704234,593.578243349824,5 356.124413278547,591.561829102906,5 352.549929847839,589.54794287428,5 348.272300056308,587.253769171613,5)"
        color="rgba(0,0,0,1)"/>
      <vertex
        id="79"
        position="348.272 587.254"
        color="rgba(0,0,0,1)"/>
      <edge
        id="92"
        startvertex="90"
        endvertex="91"
        curve="xywdense(5 124.813591494117,579.646396052548,5 124.613946185058,583.440749559764,5 124.438675639713,587.24052639601,5 124.516860724298,590.888558123396,5 124.731224786638,594.425201092272,5 124.53543025128,597.855142160488,5 124.195736953766,601.414295066125,5 124.211772885933,604.824144604923,5 124.506207359213,608.124077703708,5 124.821442337849,611.524084843665,5 125.355781232446,615.287100733206,5 126.354636058287,618.952228530143,5)"
        color="rgba(0,0,0,1)"/>
      <vertex
        id="90"
        position="124.814 579.646"
        color="rgba(0,0,0,1)"/>
      <face
        id="114"
        cycles="[99+ 97-]"
        color="rgba(85,85,255,1)"/>
      <edge
        id="97"
        startvertex="91"
        endvertex="108"
        curve="xywdense(5 126.354636058287,618.952228530143,5 130.806276487342,618.93106536691,5 134.778778931772,619.091850335686,5 138.199269153279,619.398472108497,5 141.806498920947,619.922071169998,5 145.461809792298,620.219263253291,5 148.90105355187,620.447276698422,5 152.85083541437,620.885281005664,5 156.50777126884,620.871501159074,5 160.465557246849,621.256068298406,5 163.75149219823,621.538945768305,5 167.908182952237,621.896656725088,5 171.447711572344,622.142640526956,5 174.835345998243,622.278738298509,5 178.800349103396,622.556691229302,5 182.632100653514,622.772013786161,5 186.547786836211,622.817069764805,5 190.400240383302,622.788559939433,5 194.251765635577,622.918706691975,5 197.800240380277,623.25123776271,5 201.076207170088,623.472838589669,5 204.593435495534,623.712210338568,5 208.423671351895,624.075431124789,5 212.095103922655,624.478490627691,5 216.081930266955,624.885871128994,5 219.842260066811,625.190379311203,5 223.529539929438,625.367022102474,5 227.325478830039,625.500990739259,5 230.970178688391,625.693119573072,5 234.667577460169,625.918091497378,5 238.393879822236,626.066450647415,5 242.000755354437,626.013642589537,5 245.353980342258,626.136140046891,5 249.10134703206,626.508566717199,5 252.995168332497,626.695975865424,5 256.735810618855,626.740685133281,5 260.578156372894,626.966516499348,5 264.325956267112,627.196117759111,5 267.987076858275,627.415659512854,5 271.727620462025,627.624172353479,5 275.457570928566,627.865844410215,5 279.453669094135,627.979324012136,5 283.109021653337,628.066970203767,5 286.6267617881,628.349593136799,5 290.353737088179,628.718222842619,5 293.999184101607,629.137784924845,5 297.68557125349,629.559694313974,5 301.428834093041,629.962716610609,5 305.242754177729,630.292402316841,5 309.079084017295,630.545525986846,5 312.859272710515,630.760761484732,5 316.573503939429,631.001721402924,5 320.351888112924,631.348833933105,5 324.206650604659,631.637047043117,5 327.861034298082,631.827674067996,5 331.507499565664,632.004505817985,5 335.244158944463,632.186457899,5 339.163554292866,632.448385279422,5 343.012997982947,632.759488364505,5 346.762839586453,632.990922450617,5 350.401269745613,633.115264761257,5 353.783298697758,633.140405426075,5 357.119171930934,633.12634127259,5 360.765596290996,633.114527303093,5 364.637848223799,633.117020082466,5 368.653920728512,633.120037414117,5 372.764432728038,633.121523784804,5 376.717980988911,633.122953397039,5 380.454700868616,633.124304603627,5 384.008113626858,633.125612121301,5 387.476572019385,633.134207253416,5 390.925804203995,633.121589735847,5 394.738044929341,633.107805469561,5 398.727075330443,633.231866029271,5 402.645887279694,633.481793142951,5 406.371235428626,633.730479383326,5 409.80006150223,633.794775946286,5 413.545356778289,633.758901147551,5 417.369005683575,633.873167687294,5 421.055412150382,634.214373642162,5 424.673206606934,634.410609767377,5 428.500830215505,634.484411282795,5 432.426022931481,634.448108577976,5 436.38881542672,634.378732063635,5 440.194343522994,634.367585013915,5 443.951403697738,634.484246749376,5 447.681323531675,634.768631011255,5 450.899803998031,635.069802939672,5)"
        color="rgba(0,0,0,1)"/>
      <edge
        id="99"
        startvertex="91"
        endvertex="108"
        curve="xywdense(5 126.354636058287,618.952228530143,5 127.020117209892,621.988515330736,5 127.561288204916,625.477349690042,5 128.008582177063,628.814947191878,5 128.272197843278,631.898953844518,5 128.323519536716,635.403240775975,5 127.942936984617,638.833321735956,5 127.784939685131,642.278395470763,5 127.857820308553,645.756676127428,5 128.190159684979,649.34911696646,5 128.397062517528,653.269861612049,5 128.493582723866,657.403847059746,5 128.469899066693,661.235514780141,5 128.305585894905,665.399738867584,5 127.972286371281,669.969500167969,5 127.570220777606,673.906242857074,5 127.716817121199,678.143633010219,5 127.733828350484,682.350322602867,5 127.282647834425,685.620845564986,5 127.250470342054,688.546546559662,5 127.893276102867,692.022988376957,5 128.894633229785,694.867782661224,5 131.496403077608,696.167607104745,5 135.196892384516,696.190640159463,5 138.462063282938,695.858610995575,5 141.735040913347,695.809342994424,5 145.098504243833,696.070480959318,5 148.398064370352,696.284578059629,5 151.541068054605,696.298656369328,5 154.588720287974,696.139757789579,5 157.370082595417,696.327447806021,5 160.039152907529,696.600254892938,5 162.98786432386,696.711580394307,5 166.334607484597,696.600368357408,5 169.912657682873,696.649105604172,5 173.634330433708,697.059148558785,5 177.240149699691,697.744962029298,5 180.801396778272,698.301924029648,5 184.585985658357,698.587813732275,5 188.381643881322,698.634710455497,5 192.161690689342,698.510519859805,5 195.606580488386,698.449613053815,5 198.979388691526,698.433217178233,5 202.686056321176,698.389160090011,5 206.667374324821,698.34116202224,5 210.739779854819,698.292664967444,5 214.71569287918,698.258071846266,5 218.513888533967,698.166928215669,5 222.287263531104,698.096252910469,5 225.927102236546,698.293597562061,5 229.524976311173,698.732263572171,5 233.189614859206,699.111859211599,5 236.832180811255,699.305196029018,5 240.357868152898,699.221782932132,5 243.723297135271,699.121559300332,5 247.321383260413,699.092622279284,5 251.104213070216,699.054616168735,5 254.987248586904,699.012430869667,5 258.922431796173,698.968775086042,5 262.888629467338,698.900348752454,5 266.871283729534,698.811889754892,5 270.757028863947,698.791903110122,5 274.549239542572,698.924954110741,5 278.402500838126,699.177335286169,5 282.358284358304,699.433113410969,5 286.312090035958,699.658271602385,5 290.203671295605,699.809416478105,5 294.003162314729,699.86040902407,5 297.720677315083,699.820815431504,5 301.366269416403,699.739464785114,5 305.029128817905,699.659452720215,5 308.722262417753,699.589447845359,5 312.392767909673,699.542311735324,5 316.042983747915,699.512442790244,5 319.704763547424,699.486340081698,5 323.405210499536,699.44916584229,5 327.181040568316,699.40168525352,5 331.010487356997,699.340824434096,5 334.867943640259,699.26545226804,5 338.747944328193,699.183375220371,5 342.619515602626,699.114939241204,5 346.45837999104,699.08248344124,5 350.257654882191,699.110624079263,5 354.043872317841,699.224117493324,5 357.844392470011,699.417069684203,5 361.645881632566,699.658390506595,5 365.443207859746,699.892020817711,5 369.243531789709,700.077872899196,5 373.041224248669,700.159572248601,5 376.731195572977,700.117171008078,5 380.368933457387,700.008481816697,5 384.04834313545,699.894751038252,5 387.731944313975,699.827739377914,5 391.453901919524,699.832813567318,5 395.177187610848,699.907376431183,5 398.959995670302,700.048207019337,5 402.777169799526,700.229502004307,5 406.614308508989,700.401163254119,5 410.455213618887,700.560838336578,5 414.279731362876,700.688367539849,5 418.130823815229,700.757388533831,5 421.960527608886,700.761074254168,5 425.774088754101,700.710476521766,5 429.564965085647,700.634318680999,5 433.356540835432,700.57794977003,5 437.132852065049,700.582084685093,5 440.855590696026,700.669438332914,5 444.564479611832,700.83753262757,5 448.271341340902,701.054355126986,5 451.949484362326,701.322414643305,5 455.608887572746,701.634928301704,5 459.302308518636,701.937025780754,5 463.058334356711,702.18698493942,5 466.872330658971,702.3761427298,5 470.78477244627,702.509430593434,5 474.722011843468,702.584894887686,5 478.691875770167,702.599775631498,5 482.60816752888,702.566106668903,5 486.435392898005,702.505132263436,5 490.102920310686,702.43509475876,5 493.624670593205,702.371657524126,5 497.201815031762,702.32476344449,5 500.815544757625,702.286807438345,5 504.538575379185,702.2466701821,5 508.324321636793,702.201209842534,5 512.162656134289,702.158473546712,5 515.953829928052,702.111324489588,5 519.687753592191,702.027553662727,5 523.417996392397,701.947186860211,5 527.087251019476,701.997455488667,5 530.808726165318,702.243373455384,5 534.545997077072,702.573295889453,5 538.309109141012,702.867970006258,5 542.11634883658,703.041257948032,5 545.925195458569,703.070345340804,5 549.7551112503,702.995282622318,5 553.589238396858,702.889833353172,5 557.375240012947,702.849733995221,5 561.102472245071,702.946134632561,5 564.806982923978,703.149586500852,5 568.594863365835,703.359653632919,5 572.428523480714,703.555817399302,5 576.253231614679,703.711584307357,5 580.032553342232,703.874632342796,5 583.735161182475,704.097801201165,5 587.328845468006,704.376897185315,5 590.900327984647,704.655524507369,5 594.67840576193,704.894051496393,5 598.524039207967,704.980879458286,5 602.353901657424,704.889761044368,5 606.14965555917,704.737846139292,5 609.856034112033,704.656834236129,5 613.567418991761,704.707477321504,5 617.347473361418,704.873645745899,5 621.192650732872,705.091824615262,5 625.070664759729,705.305079828211,5 628.926678967625,705.496690087704,5 632.752047895812,705.647942414556,5 636.574368780045,705.742512250085,5 640.586786767252,705.838340577452,5 644.756305756957,705.937023175024,5 649.144910123041,706.062955260317,5 653.66835152383,706.244099540124,5 658.190480665239,706.518467335804,5 662.700353163178,706.925340129311,5 667.163920564975,707.439281171694,5 671.56754145602,708.001467975355,5 675.971610263963,708.590990110169,5 680.210456455161,709.002244274175,5 684.28172190941,709.117939923692,5 688.117059375051,709.114307894058,5 692.178867929338,708.92908294318,5 695.65871155527,708.482829421347,5 693.535536560256,707.975027417928,5 690.6343509326,707.435942898829,5 687.890109497393,706.739429251554,5 683.125039005723,705.417169091347,5 678.613485782058,704.118991106752,5 674.61593999757,702.991379616804,5 670.789579992079,701.969530626197,5 666.911954761323,701.019094627142,5 662.714177131301,700.112908117207,5 658.385121327646,699.117374539166,5 654.046870518247,697.790671677015,5 649.816445277952,696.314547424682,5 645.886412796998,694.907695797362,5 642.362482359511,693.554974567165,5 638.9363102459,692.110437720409,5 635.469924132135,690.617632085555,5 632.003313799999,689.254123448078,5 628.602765769222,688.1233454742,5 625.248925209609,687.147287972187,5 621.947118834855,686.293459101197,5 618.568412171218,685.606163282965,5 615.156283250019,685.045314130604,5 611.628800276356,684.475043005578,5 608.161448865844,683.691826372364,5 604.789778111104,682.763099228111,5 601.530334988753,681.620572918001,5 598.379738849116,680.551751352276,5 595.339284940328,679.758634927368,5 592.169711002752,679.134444603891,5 589.017985304493,678.466722179698,5 585.980612080967,677.659866128323,5 583.024081234574,676.923328815804,5 580.26518355671,676.049660711862,5 577.169558364402,675.279715811532,5 573.6914341119,674.511198688419,5 570.105633535879,673.568490694209,5 566.43502639735,672.16132841402,5 562.698304671223,670.679185800565,5 558.923137767623,669.225560304699,5 555.169758015135,667.854033967814,5 551.392781621656,666.504743481145,5 547.780936567503,665.265925661494,5 544.274142456911,664.059541703115,5 540.895965434655,662.85593764156,5 537.563629872125,661.550879372047,5 534.255347462109,660.128109292599,5 530.97747390325,658.575581403274,5 527.73582373256,656.900584572601,5 524.524516756489,655.254775107599,5 521.418968829124,654.035280444426,5 518.415865250007,653.089540842813,5 515.149556563146,652.343903583706,5 511.45694975785,651.783069443502,5 507.877910964389,651.15302666787,5 504.607332269975,650.512058208139,5 501.458726979113,649.716500500174,5 498.237016240559,648.980956165432,5 494.967135614488,648.552528597028,5 491.784016126785,648.027371329209,5 488.826465361307,647.363530868766,5 485.7140335261,646.475090038996,5 482.46432028769,645.278084869539,5 479.025606441498,643.802359979313,5 475.289764467121,642.38610152191,5 471.200436803204,641.14133784279,5 466.918009072037,640.007184649557,5 463.238522201487,639.174958040093,5 460.261522709893,638.376580023831,5 456.753961493622,637.551028683292,5 453.079488926584,636.115279471881,5 450.899803998031,635.069802939672,5)"
        color="rgba(0,0,0,1)"/>
      <vertex
        id="91"
        position="126.355 618.952"
        color="rgba(0,0,0,1)"/>
      <vertex
        id="108"
        position="450.9 635.07"
        color="rgba(0,0,0,1)"/>
      <face
        id="143"
        cycles="[126- 121- 135-]"
        color="rgba(0,170,0,1)"/>
      <edge
        id="126"
        startvertex="132"
        endvertex="118"
        curve="xywdense(5 695.897766102382,633.349549780049,5 692.454907318882,630.453421548821,5 689.493237911268,627.787596345556,5 686.792185880923,625.350267736873,5)"
        color="rgba(0,0,0,1)"/>
      <edge
        id="135"
        startvertex="118"
        endvertex="142"
        curve="xywdense(5 686.792185880923,625.350267736873,5 691.665617002349,625.425814965882,5 694.806465005424,625.490523714711,5 697.800342104168,625.559249366704,5 701.49800712873,625.666932116586,5 704.064205635767,625.661118334117,5)"
        color="rgba(0,0,0,1)"/>
      <vertex
        id="118"
        position="686.792 625.35"
        color="rgba(0,0,0,1)"/>
      <face
        id="274"
        cycles="[273- 244- 121+ 233-]"
        color="rgba(170,255,127,1)"/>
      <edge
        id="121"
        startvertex="142"
        endvertex="132"
        curve="xywdense(5 704.064205635767,625.661118334117,5 702.038915716172,628.270803711467,5 699.118650537822,630.520964674066,5 695.897766102382,633.349549780049,5)"
        color="rgba(0,0,0,1)"/>
      <edge
        id="233"
        startvertex="271"
        endvertex="132"
        curve="xywdense(5 706.911932001468,644.049303082493,5 704.282159770494,642.835847802814,5 701.386417375837,640.782182633626,5 699.446085088655,638.436384248917,5 697.65209076939,636.011999913692,5 695.897766102382,633.349549780049,5)"
        color="rgba(0,0,0,1)"/>
      <vertex
        id="132"
        position="695.898 633.35"
        color="rgba(0,0,0,1)"/>
      <edge
        id="244"
        startvertex="142"
        endvertex="272"
        curve="xywdense(5 704.064205635767,625.661118334117,5 707.745860116842,625.859360217623,5 711.303700175177,626.064154730322,5 713.827010983772,626.251735892197,5 716.348608471772,626.494574145263,5 719.892741965352,627.141425387482,5)"
        color="rgba(0,0,0,1)"/>
      <vertex
        id="142"
        position="704.064 625.661"
        color="rgba(0,0,0,1)"/>
      <edge
        id="147"
        startvertex="145"
        endvertex="146"
        curve="xywdense(5 924.660864392841,584.07667554552,5 924.18349679383,586.59262241464,5 923.627884376254,589.518862015293,5 923.001925915847,592.801203927648,5 922.370533020603,596.056583321188,5 921.727546232635,599.343982691836,5 921.008811065164,602.882509758908,5 920.320120839465,606.150785680222,5 919.578770902426,609.490435518651,5 918.436671600872,613.602458195093,5 917.155574048136,617.855687973871,5 915.918516593814,621.723431496946,5 914.61840058056,625.583573590353,5 912.826310584478,629.787422998603,5 910.866580948972,634.132453285411,5 908.879363582528,638.533433667821,5 907.006784093314,642.948175916193,5 905.434057791396,647.547520643294,5 904.024356458052,652.014370219061,5 902.631210843431,656.481287949635,5 901.191675727378,661.079594329518,5 900.070756580482,664.5743703809,5 898.979136238864,667.956306618651,5 897.77403299866,671.651837328814,5 896.566001379959,675.345356055179,5 895.518087770593,678.589774124444,5 894.330054811102,682.205938497161,5 893.188065708366,685.554079789359,5 892.000497068779,688.87413843798,5 890.729516978604,692.220353843104,5 889.398683955841,695.511590499624,5 888.117781605843,698.479340452797,5 886.58894296401,701.741613053957,5 885.017486415561,704.468099974664,5 883.264450555153,707.398862563619,5 881.666113137294,710.028709057044,5 880.286905296525,712.292212553715,5)"
        color="rgba(255,0,0,1)"/>
      <vertex
        id="145"
        position="924.661 584.077"
        color="rgba(0,0,0,1)"/>
      <vertex
        id="146"
        position="880.287 712.292"
        color="rgba(0,0,0,1)"/>
      <face
        id="279"
        cycles="[157+ 154+ 160+]"
        color="rgba(255,0,0,1)"/>
      <edge
        id="154"
        startvertex="152"
        endvertex="148"
        curve="xywdense(5 831.699268967456,583.222183676558,5 830.507576617173,578.526429129076,5 828.583222459566,575.347570090383,5 826.324913472546,572.862342614529,5 823.973821434888,570.995159801112,5 820.785637865025,569.790891757324,5 817.275696691026,569.056998651824,5 813.372248335743,568.841978465932,5 810.021705869258,568.875858428634,5 806.283429764835,568.875109236081,5 802.247195591613,568.885425133298,5 799.000623740265,568.640571545546,5 794.892359149299,568.363505079554,5 791.803887528139,567.965828913402,5 787.853603151745,567.175474576132,5 784.336335497209,566.71592334267,5 780.676119604943,566.384360532206,5 776.83694845976,566.294134264095,5 773.326543610738,565.871553466795,5 771.275078718992,565.853261129531,5)"
        color="rgba(0,0,0,1)"/>
      <edge
        id="160"
        startvertex="148"
        endvertex="169"
        curve="xywdense(5 771.275078718992,565.853261129531,5 769.039703763988,569.271228154067,5 767.297852807885,571.443964644999,5 765.786105926178,573.640308172158,5 765.489710095619,577.584276951144,5 765.262367873517,580.176758345458,5)"
        color="rgba(0,0,0,1)"/>
      <vertex
        id="148"
        position="771.275 565.853"
        color="rgba(0,0,0,1)"/>
      <face
        id="278"
        cycles="[172+ 201+ 157- 174+]"
        color="rgba(0,170,0,1)"/>
      <edge
        id="157"
        startvertex="169"
        endvertex="152"
        curve="xywdense(5 765.262367873517,580.176758345458,5 769.269077978745,580.396160280032,5 772.515232891064,580.42546742743,5 776.680376043052,580.417761987227,5 780.511426311934,580.414248589798,5 783.676290822095,580.582605282476,5 787.392676850374,580.827558899376,5 791.209797929477,581.169554623962,5 794.916877563583,581.471008222304,5 797.895253380646,581.668087041498,5 801.924133203779,581.730727442244,5 806.099547473319,581.950565725348,5 809.381448486099,582.128348611295,5 812.749784080446,582.209455855118,5 816.664921461058,582.445519820471,5 820.181253849616,582.838996557807,5 823.528856712407,583.114197090409,5 826.391874610405,583.382546094578,5 829.636512512502,583.464197798512,5 831.699268967456,583.222183676558,5)"
        color="rgba(0,0,0,1)"/>
      <edge
        id="201"
        startvertex="207"
        endvertex="152"
        curve="xywdense(5 840.208239289641,599.6822464682,5 840.804537067714,596.389900403922,5 839.421059623254,592.703990903466,5 836.817227333859,591.745496615213,5 834.530141370013,589.453565140458,5 833.024686019659,587.12126899565,5 831.793355587305,584.869544217561,5 831.699268967456,583.222183676558,5)"
        color="rgba(0,0,0,1)"/>
      <vertex
        id="152"
        position="831.699 583.222"
        color="rgba(0,0,0,1)"/>
      <edge
        id="174"
        startvertex="169"
        endvertex="191"
        curve="xywdense(5 765.262367873517,580.176758345458,5 764.468631486283,583.691602860694,5 762.941031316035,586.411103101169,5 760.64197757789,588.06179458579,5 757.972918100283,589.095304586912,5 755.300969841775,590.103469310502,5 752.983773689414,591.552821429309,5 749.983181404177,594.450372872171,5)"
        color="rgba(0,0,0,1)"/>
      <vertex
        id="169"
        position="765.262 580.177"
        color="rgba(0,0,0,1)"/>
      <face
        id="275"
        cycles="[172- 209+ 216+ 212+]"
        color="rgba(170,255,127,1)"/>
      <edge
        id="172"
        startvertex="191"
        endvertex="207"
        curve="xywdense(5 749.983181404177,594.450372872171,5 754.616937491857,594.881103581022,5 757.446267256173,594.988377292678,5 760.732670841185,595.174762922993,5 764.281121897602,595.492184049401,5 768.264387265909,595.664597666721,5 771.782636003886,596.021862268849,5 775.021777894424,596.254944903435,5 778.310100700873,596.553644456885,5 781.947877427927,596.684301428999,5 784.977185009816,596.949458588825,5 788.202976368449,597.216914385213,5 791.746737769658,597.5698385032,5 795.518821098454,598.107124553274,5 799.595206322693,598.748279379894,5 802.338852954979,599.177639082086,5 805.919443910617,599.53242947174,5 809.234066589232,599.982127725982,5 812.691708715456,600.432004332017,5 816.194419368214,601.010419326824,5 819.906519878157,601.545720415897,5 823.064598587506,602.069914483986,5 826.726765720505,602.671465102249,5 829.38827899741,602.906433679915,5 833.294048476296,602.669477710365,5 836.784733756592,602.177900220018,5 840.208239289641,599.6822464682,5)"
        color="rgba(0,0,0,1)"/>
      <edge
        id="209"
        startvertex="191"
        endvertex="208"
        curve="xywdense(5 749.983181404177,594.450372872171,5 747.050843954038,598.060448128299,5 745.046895488746,600.5609978738,5 742.59773859086,603.449511588021,5 740.571245371374,605.534525096395,5 739.063462917353,609.717951995545,5)"
        color="rgba(0,0,0,1)"/>
      <vertex
        id="191"
        position="749.983 594.45"
        color="rgba(0,0,0,1)"/>
      <edge
        id="212"
        startvertex="210"
        endvertex="207"
        curve="xywdense(5 836.958297318114,616.754931479835,5 838.294287258315,612.354612154444,5 839.080115558608,608.638502494747,5 839.746308543071,604.570354478283,5 840.208239289641,599.6822464682,5)"
        color="rgba(0,0,0,1)"/>
      <vertex
        id="207"
        position="840.208 599.682"
        color="rgba(0,0,0,1)"/>
      <face
        id="277"
        cycles="[226+ 222+ 216- 254+ 273+ 265+]"
        color="rgba(0,255,255,1)"/>
      <edge
        id="216"
        startvertex="208"
        endvertex="210"
        curve="xywdense(5 739.063462917353,609.717951995545,5 742.158564045423,609.992686552737,5 745.902610865102,610.294438844446,5 749.660048902904,610.53473255481,5 753.152907003327,610.723207419063,5 756.852226336561,610.946863173331,5 760.690121006937,611.165626732507,5 764.524835227003,611.398813861794,5 768.377847691227,611.556932549623,5 772.064758984819,611.780230513621,5 775.773377812964,612.038600965604,5 779.582115963413,612.297552805414,5 783.345948605586,612.593463365046,5 787.193505524677,612.896723522956,5 790.88575029376,613.211895473568,5 794.337643517454,613.573054474709,5 797.737331460731,613.938084803357,5 801.248701363158,614.273879145191,5 804.981690670744,614.633123961604,5 808.757600904085,614.987961192762,5 812.523093705049,615.335546639915,5 816.25631353631,615.689694180573,5 820.00052856283,616.009972801586,5 823.67181526135,616.27690678899,5 827.356013780638,616.490065212967,5 831.059180223811,616.634868850803,5 834.752097192213,616.718399532045,5 836.958297318114,616.754931479835,5)"
        color="rgba(0,0,0,1)"/>
      <edge
        id="254"
        startvertex="208"
        endvertex="272"
        curve="xywdense(5 739.063462917353,609.717951995545,5 738.627448939969,612.253832307185,5 736.708857256659,615.317589375907,5 734.565901523192,617.814059008488,5 732.550823940262,620.547948197357,5 730.595817419221,622.499621177851,5 728.251736745113,624.293054035135,5 724.505854406584,626.058361932585,5 719.892741965352,627.141425387482,5)"
        color="rgba(0,0,0,1)"/>
      <vertex
        id="208"
        position="739.063 609.718"
        color="rgba(0,0,0,1)"/>
      <edge
        id="222"
        startvertex="220"
        endvertex="210"
        curve="xywdense(5 821.078182097592,656.567874081176,5 822.174275028219,654.308470206721,5 823.426557718825,651.571337453978,5 824.675632512471,647.749025970451,5 825.674600833255,644.624537530667,5 826.72238323416,641.226836092306,5 827.533757906467,638.222878172052,5 828.361884139516,635.216920377957,5 829.543566449294,631.801432249744,5 830.802122657682,628.865224051684,5 832.126391823692,625.976651408906,5 833.83372384847,622.941258732138,5 835.50268374307,619.658403924762,5 836.958297318114,616.754931479835,5)"
        color="rgba(0,0,0,1)"/>
      <vertex
        id="210"
        position="836.958 616.755"
        color="rgba(0,0,0,1)"/>
      <face
        id="276"
        cycles="[226- 221+]"
        color="rgba(85,85,255,1)"/>
      <edge
        id="221"
        startvertex="218"
        endvertex="220"
        curve="xywdense(5 730.765038118177,666.277519047311,5 732.552722888319,668.235173069666,5 735.228702610264,670.18142297894,5 737.942538622243,671.683833473991,5 741.357906007513,673.424434695331,5 744.502113149498,675.697656236023,5 747.203647761134,678.712219892378,5 749.017583639942,682.093676724321,5 750.744620206422,685.143007859813,5 753.527270836719,689.222324553098,5 756.667789478332,692.237114882499,5 759.761183149779,694.362597112006,5 763.238440067515,696.441873153818,5 767.037863880024,698.20707067276,5 770.257213617673,699.577796845674,5 773.761590671186,701.070234317928,5 776.765123219883,702.452899206147,5 779.484837789727,704.747439296887,5 781.199241757974,706.878680431959,5 783.139398493558,709.74691571572,5 785.424534322182,712.51200639286,5 787.737058889093,714.578758377512,5 790.470443699132,716.317363370593,5 793.120736743939,717.613501333654,5 796.152588483199,717.32278590366,5 798.148443029251,714.446641296045,5 799.079763879696,710.918491522231,5 800.793496133312,708.388093414187,5 802.517620297292,705.780379212357,5 804.541356150455,702.334103993782,5 805.478925042447,699.86786416869,5 806.372889406219,696.299211813523,5 807.481669463393,692.454864616798,5 808.647597946891,689.092789629883,5 810.220039393674,685.777109961876,5 811.49213662875,682.278604080978,5 812.45149523066,678.603203890833,5 812.862860938518,674.737533566665,5 813.22717310411,671.394260976724,5 813.871908118223,668.17614296822,5 815.367178078479,665.330807892698,5 816.951216828626,662.950242202066,5 819.009299193046,660.154592355106,5 821.078182097592,656.567874081176,5)"
        color="rgba(0,0,0,1)"/>
      <edge
        id="226"
        startvertex="218"
        endvertex="220"
        curve="xywdense(5 730.765038118177,666.277519047311,5 732.250955056382,664.048320011356,5 734.356980889288,661.358816686611,5 737.162888393818,658.263235399925,5 739.33936571385,655.056662700862,5 740.58751509295,652.106387914998,5 742.591868645646,650.417294414065,5 746.574417728943,650.099355159856,5 750.344421096365,650.03863165697,5 754.139217316076,649.964022043363,5 757.97947968187,649.898411451762,5 761.748981663085,649.831830264807,5 765.072939794455,649.841986170923,5 769.174599044788,650.171197456247,5 773.018517367291,650.587559747009,5 776.878714993117,650.951902871293,5 780.346091513123,651.340911338503,5 784.575390774604,651.849311355354,5 788.481657069875,651.980528740732,5 791.646554841551,651.997904325074,5 794.932516304544,652.080358905586,5 799.019077205789,652.30317707361,5 802.941637751612,652.393508506467,5 806.330992742803,652.345838916788,5 810.747752741167,652.304313418475,5 814.556579377894,652.60133472337,5 817.170270394435,653.489178213417,5 821.078182097592,656.567874081176,5)"
        color="rgba(0,0,0,1)"/>
      <edge
        id="265"
        startvertex="271"
        endvertex="218"
        curve="xywdense(5 706.911932001468,644.049303082493,5 708.990285411432,648.444850173288,5 712.011205673362,650.843939381656,5 714.572412963617,652.991327537602,5 716.631646690944,655.209638959463,5 718.704088602447,657.42264639507,5 721.37128324745,659.531501668489,5 724.044389698245,661.356798614379,5 726.8708707072,663.291783432143,5 728.994603713643,664.905604946874,5 730.765038118177,666.277519047311,5)"
        color="rgba(0,0,0,1)"/>
      <vertex
        id="218"
        position="730.765 666.278"
        color="rgba(0,0,0,1)"/>
      <vertex
        id="220"
        position="821.078 656.568"
        color="rgba(0,0,0,1)"/>
      <edge
        id="273"
        startvertex="272"
        endvertex="271"
        curve="xywdense(5 719.892741965352,627.141425387482,5 718.087164422493,629.329038563216,5 716.035755074746,631.83585065045,5 714.06894229179,634.389619296772,5 712.227425406424,636.824279534124,5 710.385869424005,639.276209949618,5 708.418716570377,641.968161580969,5 706.911932001468,644.049303082493,5)"
        color="rgba(0,0,0,1)"/>
      <vertex
        id="271"
        position="706.912 644.049"
        color="rgba(0,0,0,1)"/>
      <vertex
        id="272"
        position="719.893 627.141"
        color="rgba(0,0,0,1)"/>
      <face
        id="343"
        cycles="[336+ 332+ 328+]"
        color="rgba(85,85,255,1)"/>
      <edge
        id="328"
        startvertex="283"
        endvertex="327"
        curve="xywdense(5 745.152062443868,556.601978941432,5 741.430596730337,555.741108475805,5 738.047714515813,555.295574993965,5 735.003270985178,555.351706516684,5 731.058615582728,555.357504738572,5 726.99426104156,555.341006608362,5 722.855390208555,554.948462588251,5 719.03944035732,554.464498122948,5 715.681315114258,553.842275936306,5 712.205950694724,553.330135418037,5 708.619802514626,552.734282931488,5 705.158518841105,551.990371749104,5 701.559535900283,550.989703851391,5 698.211597815941,549.888891398328,5 695.074742296477,548.773265328014,5 691.823649373521,547.888137146439,5 688.695577527109,547.256067180305,5 685.587423438198,546.119351583424,5 681.827963633171,545.334802524588,5 679.120479928219,544.853111948391,5 676.407179332478,544.394436951545,5 672.601184401141,543.794013996798,5 668.971691612568,543.120504643513,5 665.280020021516,542.779327543918,5 662.152759401387,542.480589411523,5 658.524452069701,541.834990339571,5 655.520942297181,541.075466990704,5 652.444524600232,540.131697072589,5 648.79120873928,538.899309137177,5 645.750565758865,537.632179163067,5 643.572005723892,536.345424431101,5 640.403141269738,535.003258864985,5 637.229345747409,534.095473041049,5 634.017298625566,532.857466962841,5 631.010780796694,531.23066320226,5 627.791433077048,529.5440848963,5 624.501080377243,528.087514623071,5 621.270507857403,526.71053388531,5 617.855453740839,525.098790639025,5 614.405975156403,523.568279105813,5 611.333769913914,522.163105682523,5 608.317149038815,520.805354804277,5 605.44153499865,519.268013451074,5 602.485020184426,517.778034082718,5 599.274433794917,515.948811227796,5 596.477974885223,514.539020842932,5 593.690610583617,513.335328953837,5 590.221403412377,511.892272875669,5 587.315242461078,510.358516121457,5 584.816038710841,508.2757360864,5 582.126484644097,506.292417371296,5 579.32818780023,504.638437588343,5 576.299721294234,503.063520847966,5 572.953159498707,501.382161326186,5 569.975182054472,499.77611616258,5 567.609533837866,498.415794905298,5 565.209025661665,497.037558219133,5 562.614041961925,495.794868649913,5 559.981996601932,494.356111169819,5 556.982910019644,492.697887930278,5 554.434788701635,491.195512321498,5 551.868716101784,488.897089157141,5 549.409618562639,486.523563009862,5 547.52972878472,484.521587642711,5 545.263427343308,482.143751582409,5 543.021611650633,479.360487177732,5 541.23419753562,477.000332414457,5 540.510157291522,475.977180605574,5)"
        color="rgba(0,0,0,1)"/>
      <edge
        id="332"
        startvertex="330"
        endvertex="283"
        curve="xywdense(5 136.799723235056,319.806967045209,5 135.785450535027,322.166136235122,5 134.133624985695,324.949662666919,5 132.663998907322,327.59732609556,5 131.255379339273,330.078226091859,5 129.634714723548,332.522968285073,5 127.882722973715,335.193657945966,5 125.708750482641,338.235359888354,5 123.651745558013,340.784057546913,5 121.614964238907,343.360949741751,5 119.907879243435,346.059456863851,5 118.192382425146,349.34182999017,5 116.741872510043,352.34044024588,5 115.670852896682,355.293025625045,5 114.494214252166,359.032078810993,5 113.913455421238,362.348180688638,5 113.89153118587,365.050382665111,5 115.564359392355,367.472321939596,5 119.075825678001,368.765034338767,5 121.877707677259,370.503509079611,5 124.766676154585,373.177113981107,5 127.549520727289,375.668010141973,5 130.19634413648,377.255831395354,5 132.533753713454,378.324615567256,5 135.604876932594,379.820621271441,5 137.90231925142,381.098507290617,5 140.552578960338,382.857435608249,5 143.478947501176,384.703633522524,5 146.202784728908,385.811987619752,5 149.25671067586,387.002566352208,5 152.592908134223,388.350633499865,5 155.991337273709,389.309987605799,5 158.718858018291,390.156091091959,5 162.268897209053,391.446059087119,5 165.776569256446,392.845069413436,5 169.049352041403,394.168204251273,5 172.065388262273,395.505665785064,5 175.125229805706,396.903351683263,5 178.246526231009,398.054251528489,5 181.131802639449,399.023951875688,5 184.038326510638,400.084807226296,5 187.329602637933,401.964895439278,5 190.360777895693,404.152758163768,5 193.65421328182,406.230703701217,5 196.815465854225,408.325405879896,5 199.791383435016,410.349078792119,5 202.701660938356,411.774623786257,5 205.647084043819,412.904934840009,5 208.542060715125,414.496691182003,5 211.020989875947,416.120418392265,5 213.2772584418,417.407259479556,5 216.729328843157,418.5346833292,5 219.763595561337,419.415889042352,5 222.874901086649,420.778593117185,5 226.265018523521,422.534959459283,5 229.799966124836,424.106822210623,5 233.292079889129,425.48924661663,5 236.460209818631,426.734904809824,5 239.226628766499,428.001008027107,5 242.480195935346,429.548883920934,5 245.754588902225,431.277489382272,5 248.765433862784,432.515829484864,5 251.422874071516,433.520425353026,5 254.522004923533,434.627601418525,5 258.410454292509,436.057923190964,5 261.930772889504,437.192094031375,5 265.217374846144,437.982021463562,5 268.590882297881,438.849412444024,5 271.955313284481,439.855215538449,5 275.339241208266,441.236616165788,5 278.681332171932,442.800426101347,5 281.939475024281,444.287489015852,5 285.40173469155,445.772320858013,5 288.752901751589,447.281421506294,5 292.035322817415,448.811800042178,5 295.355202308741,450.313948606891,5 298.752503619109,451.877516666427,5 302.122386758414,453.424733029777,5 305.493282289905,454.967781833979,5 308.807589773363,456.488953884421,5 312.046517311026,457.977752083727,5 315.242942303673,459.447666762207,5 318.446497859901,460.952139350363,5 321.89798075437,462.478458223592,5 325.509975844232,463.724537160119,5 329.006882221892,464.613386404086,5 332.344377451886,465.377977661791,5 335.499660425319,466.178211458982,5 339.019414299301,467.137063405836,5 342.474023536212,468.224915099974,5 345.769619945448,468.958234266516,5 349.173599905399,469.484624393369,5 352.869843886741,470.090196860811,5 356.238218200221,470.887891395351,5 359.829188931279,471.914840671171,5 363.390374569532,472.962870165163,5 366.728846325375,474.375777530047,5 370.13573443465,476.072036983265,5 373.476114023319,477.858747653958,5 376.677999807591,479.559207093176,5 379.959911544174,481.154086559326,5 383.272308618131,482.591104587693,5 386.685374961546,483.913399128076,5 390.209565398705,485.236155761241,5 393.763054498401,486.477352294615,5 397.332116066208,487.550604803003,5 400.847591741708,488.486011858599,5 404.458004259017,489.414932454077,5 408.172667313847,490.385571857026,5 411.932060640715,491.404100462697,5 415.604987950038,492.484873722207,5 419.169056994829,493.598677967991,5 422.672901875505,494.68711016825,5 426.191137439814,495.724434139493,5 429.718652402073,496.692622192762,5 433.257556814806,497.538995115492,5 436.812895825794,498.261792076048,5 440.448140738962,498.982990579004,5 444.156690957864,499.729090702971,5 447.814164256262,500.473068804008,5 451.352081894325,501.448290850906,5 454.650291914007,502.558785307041,5 457.896060080044,503.526457969385,5 461.239788718605,504.527917287954,5 464.667781034354,505.550629632831,5 468.182332970259,506.540527282753,5 471.690481798266,507.443528718362,5 475.237001693258,508.247088303491,5 478.8923709981,509.143371752207,5 482.479713772907,510.293570784387,5 485.900769906858,511.536642281368,5 489.499518840493,512.522051811154,5 493.249385797414,513.348259786213,5 496.91686992781,514.32888515522,5 500.18641821801,515.339990673658,5 503.477426182351,516.141452765001,5 506.577713494064,516.730003927607,5 509.803267225658,517.911148933551,5 513.261769444681,519.323207296367,5 516.467799632438,520.538047683599,5 519.497301248874,521.369941906856,5 522.901312270595,522.481494834661,5 526.46175119763,523.784816248749,5 529.901967081001,525.029538460059,5 533.302016780656,526.212461906319,5 536.669461481055,527.300794745325,5 539.863191154325,528.284986776976,5 542.93914313391,529.252394375123,5 546.146328006351,530.606556965196,5 549.726799536433,532.179199404906,5 552.927663179921,533.261925081571,5 555.56142495784,534.22863043852,5 558.832102122786,535.719412843621,5 562.202265285867,537.315597062701,5 565.110379633747,538.281504057121,5 567.985470962072,539.224252624714,5 571.408835413971,540.396398057478,5 574.746674561738,541.509855611297,5 578.086551199471,542.078315660881,5 581.615775091564,542.579755325683,5 585.262241066586,543.32390146448,5 588.96243414241,544.224349041619,5 592.810086589393,545.026779544271,5 596.637927177098,545.716714125428,5 600.460182800529,546.090890099698,5 603.994540225812,546.260699045494,5 607.421480602541,546.155540421891,5 611.129224158645,546.513303570959,5 615.095083455949,547.077525706513,5 619.020381013787,547.323706659115,5 622.633528212506,547.262200022854,5 625.935006227901,547.348621181103,5 629.436707508504,547.40976051422,5 632.950059669392,547.963051749819,5 636.671925952976,548.897605234234,5 640.316690874324,549.302050142452,5 644.227343983999,549.197508674511,5 648.700162070954,549.490617435593,5 653.613922269731,550.221837906813,5 658.400135972469,550.921144497256,5 663.171423737028,551.63567410716,5 665.817128504939,551.88347901341,5 668.380894707779,552.026826738731,5 670.947170258323,552.150346955884,5 673.612949807862,552.239531796785,5 678.067216973471,552.601102784447,5 682.400368988118,553.079312560136,5 687.167294325892,553.932235799466,5 691.744796779144,554.730297989875,5 696.202237021875,555.120742776068,5 700.094165944949,555.238907640428,5 703.971036755984,555.642269017147,5 707.586804047894,556.353173295822,5 710.76298579332,557.014836141819,5 713.823078351784,557.426594529769,5 716.746102285725,557.482571513703,5 719.40337402149,557.487851017184,5 722.076351784886,557.454647539868,5 724.659732039668,557.305168435873,5 728.664788850399,556.873888269323,5 733.591485747637,556.7970617343,5 736.185808134041,556.249619020974,5 739.225729480325,556.227371421294,5 743.138953826273,556.647105870429,5 745.152062443868,556.601978941432,5)"
        color="rgba(0,0,0,1)"/>
      <vertex
        id="283"
        position="745.152 556.602"
        color="rgba(0,0,0,1)"/>
      <face
        id="338"
        cycles="[287+ 292-]"
        color="rgba(255,255,0,1)"/>
      <edge
        id="287"
        startvertex="284"
        endvertex="286"
        curve="xywdense(5 332.802418846316,308.027403244629,5 330.557784190851,306.328766307783,5 327.996541150257,304.159634506619,5 325.316375825481,301.221452667997,5 322.80784786481,297.780904009804,5 320.940615104029,294.218074888773,5 319.322968724227,290.242700986392,5 318.067575819187,286.436953023623,5 316.930491437337,282.730267788816,5 315.529587513075,279.125846456359,5 313.913815616265,275.635387174525,5 311.571703500735,272.380509929359,5 308.613263369245,270.152150843899,5 305.578239895138,268.506888900492,5 301.394939486757,267.312782505011,5 297.696792346784,266.545345516766,5 293.429493604995,265.763549613756,5 289.289626720633,264.844994351738,5 286.41344618305,264.171062593287,5 283.024464956678,264.872105347409,5 280.70586345989,266.067927096217,5 278.298838127525,267.495070724405,5 276.141018315274,268.865343551893,5 272.303957547531,271.691445045515,5 269.997260130238,273.568555192367,5 267.8200821348,275.322873555662,5 265.019424795189,277.166676582121,5 262.345734912807,277.912959284423,5 259.52350260774,278.319646993187,5 254.62375540028,277.810877184899,5 251.688454379975,277.570586529751,5 247.857745577256,278.144070412152,5 245.264253481678,279.588458811524,5 241.492957377969,280.217741601519,5 238.858709822432,279.572317825482,5 236.415213343257,278.741724498573,5 234.05937638771,277.762109530213,5)"
        color="rgba(0,0,0,1)"/>
      <face
        id="339"
        cycles="[292+ 298+ 303- 296+]"
        color="rgba(255,0,0,1)"/>
      <edge
        id="292"
        startvertex="284"
        endvertex="286"
        curve="xywdense(5 332.802418846316,308.027403244629,5 328.463639776273,306.876071572572,5 325.147798206789,306.159512797022,5 321.966128007332,305.193216623991,5 317.914442645656,303.876869806742,5 314.089675029906,303.04814333691,5 310.774705904281,302.217681327032,5 307.288512271716,301.451863257504,5 303.676082143512,300.943932602801,5 299.657103035227,300.147691989774,5 296.417934236066,299.278592099042,5 292.413252278275,298.003708510065,5 289.34690354964,297.138376842416,5 285.97266233276,296.13127308724,5 282.270840603162,294.957164877717,5 279.025807024959,294.106576903073,5 275.420378469395,293.147380771356,5 271.383814135844,291.906445152413,5 268.11187921683,291.03787072489,5 264.702885667285,289.842473113897,5 260.809065216472,288.192548888779,5 257.219064835579,286.932727800108,5 254.057585105488,285.850361938567,5 250.345200887757,284.505040045092,5 247.193776967529,283.426878485917,5 243.783492763696,282.283007888456,5 240.31180255138,281.30803883078,5 236.770582427295,279.678237942809,5 234.05937638771,277.762109530213,5)"
        color="rgba(0,0,0,1)"/>
      <edge
        id="296"
        startvertex="294"
        endvertex="284"
        curve="xywdense(5 355.412730431207,325.981994546014,5 351.396029160686,323.39511354,5 348.666700637314,321.460543269201,5 345.857966647862,319.211022970851,5 343.348972410129,316.886764727859,5 341.074412650284,314.700412440311,5 338.711212881217,312.597849429904,5 336.268672820505,310.571522891184,5 332.802418846316,308.027403244629,5)"
        color="rgba(0,0,0,1)"/>
      <vertex
        id="284"
        position="332.802 308.027"
        color="rgba(0,0,0,1)"/>
      <edge
        id="298"
        startvertex="286"
        endvertex="297"
        curve="xywdense(5 234.05937638771,277.762109530213,5 230.243279073257,278.125070100007,5 227.346705973478,278.154670691002,5 224.576369558406,277.98949572605,5 221.9303294682,277.743138940171,5 217.189664842505,277.264986922897,5 213.028057804256,276.631754529543,5 210.192214937876,276.160627392697,5 207.301819401667,275.536242572499,5 204.771596421893,274.738420583352,5 202.001687876406,273.310337152426,5 199.168949553767,271.689468263446,5 196.136094849022,269.367613601562,5 193.665884058982,267.186601486886,5 191.471316624288,265.096100110229,5 189.311879815674,262.894698733991,5 187.165053018498,260.564574329513,5 185.624060230187,257.972332015376,5 184.281532345161,255.422383964823,5 183.167249516573,252.998411549359,5 181.99704673693,250.536053201457,5 179.892880609371,248.874450631136,5 177.018395503964,247.70405670654,5 174.740770443174,246.637480255838,5 172.426932443592,245.572718137115,5 169.532809694194,245.044039461409,5 167.472767808272,245.323571341827,5)"
        color="rgba(0,0,0,1)"/>
      <vertex
        id="286"
        position="234.059 277.762"
        color="rgba(0,0,0,1)"/>
      <face
        id="340"
        cycles="[303+ 309+ 314- 307+]"
        color="rgba(0,170,0,1)"/>
      <edge
        id="303"
        startvertex="294"
        endvertex="297"
        curve="xywdense(5 355.412730431207,325.981994546014,5 352.736712318311,326.028238983691,5 349.29830262565,325.816307864807,5 345.461181960017,325.401852005495,5 341.491208504214,325.085527574772,5 337.955776086138,324.644556220461,5 334.650031571043,324.253556993944,5 331.234905973659,324.089070615833,5 327.652097667438,323.612816278069,5 323.756380545684,323.316234879871,5 320.153607236833,322.20782390491,5 317.040446911446,320.744984806439,5 313.604676666627,319.308828005205,5 309.633636461546,318.344189002461,5 306.112855369943,317.9787375969,5 302.309308490891,317.649191065021,5 298.389006653713,317.260584786108,5 295.108736014156,316.680650412918,5 291.444295900568,315.884151346398,5 287.730248719847,314.863237568626,5 283.968794167768,313.573169066221,5 280.422892373784,312.314217036068,5 277.198047172859,311.248150721793,5 273.852626577828,310.181456993341,5 270.306074505243,309.139122764629,5 266.595311054237,308.043059323732,5 263.004698765472,306.966037378341,5 259.678319113509,306.06600002503,5 256.23789997838,305.330343112286,5 252.25841871539,304.45680824221,5 248.443876802152,303.452228003677,5 245.217097001197,302.620652799474,5 241.898764751536,301.695666118482,5 238.181996732833,300.541212579917,5 234.78243309505,299.222928067799,5 231.592549485544,297.616659422429,5 228.711568141185,296.207087206286,5 225.177147857933,294.873941888955,5 221.692653607805,293.777258561092,5 217.921423484059,293.059165100541,5 214.041514599711,292.162143800111,5 210.956750331519,291.568220787814,5 207.492260855966,290.866104404984,5 203.714448985063,289.809481258822,5 200.072225721034,288.386060533883,5 196.935813237819,286.982510871436,5 193.396823840087,285.639593921837,5 189.826761643805,284.097946970111,5 187.214982130514,282.152519183689,5 184.573010550711,279.068763270747,5 182.311702025663,276.269797976756,5 180.355665062876,273.497920844732,5 178.37466034796,270.398569027478,5 176.305796183357,267.251588332175,5 174.586380934721,264.338241206615,5 173.124217303666,261.225448339552,5 171.705220076268,258.265713453007,5 170.367490310141,254.417904549867,5 169.31691430345,250.871950388198,5 168.103339461186,247.174444111193,5 167.472767808272,245.323571341827,5)"
        color="rgba(0,0,0,1)"/>
      <edge
        id="307"
        startvertex="305"
        endvertex="294"
        curve="xywdense(5 428.402776909853,365.024135039453,5 426.478057197022,363.643114777869,5 424.185826337874,362.05473687085,5 421.245737167329,360.395875707368,5 418.252364086183,358.955795975861,5 414.912841980593,357.437698511319,5 411.517900249113,355.938290279478,5 407.906441070941,354.442501212471,5 404.249439602947,352.781587419014,5 400.750926845892,351.179919904444,5 397.67387078223,349.608135844821,5 394.692293155238,347.681389444033,5 391.548650095446,345.459008204819,5 388.425336512527,343.245413433788,5 385.182760767898,341.195721551896,5 381.792940074353,339.403424601125,5 378.337585356305,337.846763200241,5 374.844123120039,336.392727768215,5 371.261110978694,334.814614144565,5 367.533777233629,332.965070762328,5 363.906319911204,330.956672770885,5 360.421236099935,328.969029526676,5 357.056798922916,327.044412187611,5 355.412730431207,325.981994546014,5)"
        color="rgba(0,0,0,1)"/>
      <vertex
        id="294"
        position="355.413 325.982"
        color="rgba(0,0,0,1)"/>
      <edge
        id="309"
        startvertex="297"
        endvertex="308"
        curve="xywdense(5 167.472767808272,245.323571341827,5 166.626892366975,248.501217560007,5 164.790130914459,250.598930614115,5 164.218572635663,253.679706176964,5 163.280404783202,257.797743339375,5 161.429349346101,259.685979503294,5)"
        color="rgba(0,0,0,1)"/>
      <vertex
        id="297"
        position="167.473 245.324"
        color="rgba(0,0,0,1)"/>
      <face
        id="341"
        cycles="[314+ 320+ 325- 318+]"
        color="rgba(170,255,127,1)"/>
      <edge
        id="314"
        startvertex="305"
        endvertex="308"
        curve="xywdense(5 428.402776909853,365.024135039453,5 426.091155405251,364.409966251509,5 423.321003886625,363.676783162867,5 419.652763774423,362.724668757285,5 416.051943446037,361.892213538666,5 412.459861591528,361.196851543948,5 409.204404774731,360.543382566622,5 405.465812437897,359.862508074363,5 401.778697406255,359.234993158707,5 397.738754463489,358.53068837456,5 394.489773361749,358.142600399116,5 390.606936515101,357.580403146473,5 386.766187096463,357.063483549666,5 383.793144786131,356.744370660747,5 379.885609716612,356.083949511059,5 376.377159206146,355.100834858589,5 373.114912593845,353.829524625903,5 369.559578887486,352.402442582825,5 366.215515838634,350.944070094822,5 362.952263486563,349.474090567177,5 359.783239145732,348.440532531228,5 356.943598567335,347.574043312395,5 352.974112314957,346.075635908247,5 350.139311487224,345.341810236458,5 346.418435927902,344.373072016753,5 342.778970849176,343.629587917917,5 338.618679393867,342.777144198002,5 335.223877379285,341.91231362933,5 331.752479535487,341.267908089131,5 328.059999386666,340.522232950449,5 324.35023782662,339.42451777335,5 320.806455398515,338.438085810332,5 317.801985941367,337.627213246875,5 313.764706867587,336.613938866414,5 310.006070613253,335.62783720076,5 306.460364361504,334.935607914902,5 302.885688374423,334.261263374302,5 299.588772717217,333.466761447439,5 296.063005350961,332.549999815102,5 292.051687842833,331.53484783084,5 288.44420571301,330.488085915584,5 285.035444681908,329.445302500646,5 281.595463864217,328.541209101335,5 277.655754482007,327.649754380094,5 273.56968643851,326.855642643352,5 270.18043511382,325.980994326697,5 266.917509719839,324.915514485753,5 263.319698980105,323.632761218404,5 259.72169874605,322.435506907609,5 256.3742529798,321.445163361821,5 253.010918064754,320.487160171329,5 249.526177618854,319.545784871827,5 245.821922340382,318.316401398007,5 242.339480889131,317.155796412775,5 239.076691455642,315.993315091883,5 235.592122877345,314.462844130285,5 231.924096256441,312.876673966282,5 228.323057354061,311.60332275292,5 225.198586518367,310.433894058456,5 221.622357418016,308.794203297628,5 217.805043374335,307.462801966167,5 214.454041009528,306.295809897998,5 211.118426474006,305.003755716377,5 208.165967083967,303.781383656136,5 204.741081120694,302.519927485228,5 201.156344222283,301.323442449737,5 197.444436428746,300.202362532408,5 194.33509586285,299.087031222481,5 190.952119292017,297.276159626779,5 187.927902529912,295.568959580578,5 184.864045275823,293.664451854435,5 181.321303303177,291.462118042975,5 178.333882343915,289.539138325741,5 175.646299975137,287.428827189541,5 173.120022766455,284.49114173421,5 171.477286913732,281.376161536,5 170.08590765267,278.336976039793,5 168.595386964248,275.103750882971,5 167.267096762542,271.321670626131,5 166.172912961287,267.594033340845,5 164.942665710467,265.156412820118,5 162.527645999329,261.647803992744,5 161.429349346101,259.685979503294,5)"
        color="rgba(0,0,0,1)"/>
      <edge
        id="318"
        startvertex="316"
        endvertex="305"
        curve="xywdense(5 491.618484369902,417.300474233574,5 489.339708298301,415.492562744709,5 486.667402404743,413.230241268082,5 483.9172485805,410.583265668293,5 481.178005134091,408.442567562711,5 478.245125298036,406.529779365168,5 475.451356140111,404.540018983756,5 472.719549105331,402.463565454127,5 469.946882628751,400.146798378711,5 467.176102044825,397.889426701494,5 464.828401856582,395.719273664582,5 463.032667286766,393.654733871123,5 461.338702322938,391.802767004318,5 459.648288686724,389.694363280807,5 457.792750402742,387.27546022197,5 455.775788175165,385.043208032674,5 453.554159148338,383.232266163607,5 451.277537571111,381.587331532954,5 448.967239497914,379.883129372665,5 446.464770513894,378.055543852876,5 443.629120559519,376.083160385223,5 440.503435743072,374.114676203743,5 437.462505831809,372.191608347488,5 434.900460057486,370.309585158441,5 432.520864017969,368.428726706052,5 429.949671342736,366.276894705517,5 428.402776909853,365.024135039453,5)"
        color="rgba(0,0,0,1)"/>
      <vertex
        id="305"
        position="428.403 365.024"
        color="rgba(0,0,0,1)"/>
      <edge
        id="320"
        startvertex="308"
        endvertex="319"
        curve="xywdense(5 161.429349346101,259.685979503294,5 160.798130350371,262.443961377546,5 159.828467097793,265.324223885631,5 158.946986003778,268.019977983179,5 157.439029495922,271.203101730744,5 156.205544830602,273.642599483739,5 154.764708545164,276.01206649769,5 153.585649590701,277.368883508329,5)"
        color="rgba(0,0,0,1)"/>
      <vertex
        id="308"
        position="161.429 259.686"
        color="rgba(0,0,0,1)"/>
      <face
        id="342"
        cycles="[325+ 331+ 336- 329+]"
        color="rgba(0,255,255,1)"/>
      <edge
        id="325"
        startvertex="316"
        endvertex="319"
        curve="xywdense(5 491.618484369902,417.300474233574,5 487.855957426694,416.734809397965,5 484.342458859078,416.084730058068,5 480.662193002217,415.435075348215,5 477.162659398179,414.673922377077,5 473.411055040752,413.664026542607,5 469.527631916073,412.518408699202,5 465.921429376746,411.376062831299,5 462.504391255254,410.368871534056,5 459.221225587767,409.409990954408,5 455.804866205904,408.383445122908,5 452.313528977996,407.361910835677,5 448.687171989602,406.396072544834,5 444.993152698344,405.493337975004,5 441.431225570967,404.663994247876,5 438.024784161709,403.850260662162,5 434.456726701095,402.905121918411,5 430.654950371005,401.833507404927,5 426.702062873866,400.726767609821,5 422.850713175244,399.565838089719,5 419.314987119664,398.325974890222,5 416.001836029928,397.084900569196,5 412.658407468871,395.855352236314,5 409.324272923888,394.673373885189,5 406.049511433405,393.450731408369,5 402.772154564253,392.144282749327,5 399.457552122147,390.77191425128,5 396.116253137655,389.301197775872,5 392.838793154772,387.787335316334,5 389.567967035698,386.366478026776,5 386.267622304032,385.099444416262,5 382.977065232636,384.001678542015,5 379.723816382392,383.066764154922,5 376.445550812248,382.272813910985,5 373.027409063475,381.460025330201,5 369.512466312472,380.430760070082,5 366.069309741289,379.26993890291,5 362.70286692876,378.150391787403,5 359.371734125501,377.104274990878,5 356.068782778558,376.081558576283,5 352.764857600022,375.058654568277,5 349.360593102517,373.960882577189,5 345.857119704031,372.773755130103,5 342.255254111266,371.57049603763,5 338.651819157203,370.375029022167,5 335.087764887184,369.190780839074,5 331.443388644206,367.779149096692,5 327.81018832971,366.138199734755,5 324.27033308411,364.458967075461,5 320.79948081508,362.855945244362,5 317.533609380423,361.363139029354,5 314.278051011776,359.902959375524,5 310.770671709735,358.322673457702,5 307.068837066587,356.668449695182,5 303.141861533235,355.156567945367,5 298.971482929157,353.925883294752,5 294.834881417051,352.953417175252,5 291.020415768174,352.070932077038,5 287.524863111577,350.957995893421,5 284.056808892981,349.456942307287,5 280.604323497806,347.743007062755,5 277.005231802581,346.103415403769,5 273.315468295754,344.785113108782,5 269.602835144108,343.712490707485,5 266.020797724227,342.735746554649,5 262.446413461221,341.757095866197,5 258.857862396993,340.808888299516,5 255.184928346745,339.920404651122,5 251.751890729048,338.901697504635,5 248.478414589768,337.814687917764,5 245.03576729599,336.699462370616,5 241.334873202149,335.615964192427,5 237.709597090059,334.756412389856,5 234.146866815011,333.968100042,5 230.741995685489,333.132591062788,5 227.139358034056,332.243140669787,5 223.485294027304,331.361142157361,5 219.76885244981,330.52550834142,5 216.415707039367,329.706846016904,5 213.128765979424,328.933637603641,5 209.411102362499,327.862846971336,5 205.73092954277,326.612903023461,5 202.192528120369,325.314997248687,5 199.025451953643,323.855402757003,5 196.541380577877,322.080163284277,5 193.716548210775,319.492366371068,5 190.92722789295,317.11357251377,5 188.271430723088,314.692865684951,5 185.59953250029,312.037424769765,5 182.793545033115,309.34407480644,5 179.905584381086,306.88808461672,5 176.939285892984,304.564561531951,5 174.073750736029,302.089258512102,5 171.508071598485,299.444356870346,5 169.526203004886,296.800305857083,5 167.439748724344,293.514553001805,5 165.349756865589,290.510505166349,5 163.592064889505,287.681011970003,5 161.180326497155,284.479559778001,5 158.436942715583,281.620079297944,5 155.916070589395,279.386768329004,5 153.585649590701,277.368883508329,5)"
        color="rgba(0,0,0,1)"/>
      <edge
        id="329"
        startvertex="327"
        endvertex="316"
        curve="xywdense(5 540.510157291522,475.977180605574,5 539.112007127964,473.885952947264,5 537.518883755315,471.485221629238,5 535.959098082584,469.009192351504,5 533.711667854464,466.408534893537,5 531.275322253474,463.58831945146,5 529.299317841527,460.66212957786,5 527.410160007768,457.912565335343,5 525.407495740458,455.004932294756,5 523.327018698369,452.301215116944,5 521.09711640997,449.694674711155,5 518.887355913427,446.829371304319,5 516.692495820989,444.073664895727,5 514.667382726146,441.338834405908,5 512.578442524411,438.771163713138,5 510.088363511656,435.739387815991,5 507.327826173628,432.321983460844,5 504.566825824531,429.328459549492,5 501.970020102399,427.001300034516,5 499.437891123137,424.797934629907,5 496.978402751379,422.55331995193,5 494.840578768071,420.237451262262,5 491.618484369902,417.300474233574,5)"
        color="rgba(0,0,0,1)"/>
      <vertex
        id="316"
        position="491.618 417.3"
        color="rgba(0,0,0,1)"/>
      <edge
        id="331"
        startvertex="319"
        endvertex="330"
        curve="xywdense(5 153.585649590701,277.368883508329,5 150.550525936555,281.1001716986,5 148.782722663967,284.055109689275,5 146.929347231759,287.097531080489,5 145.29249870675,290.037755731093,5 144.156782887977,293.143177011208,5 143.348540737938,296.459886119669,5 142.459873639096,299.923901681581,5 141.623988458441,303.5821166531,5 141.208836112338,307.090978850563,5 140.2216965649,310.286968142046,5 139.018518656953,313.351067799107,5 138.006731065893,316.427735223018,5 136.799723235056,319.806967045209,5)"
        color="rgba(0,0,0,1)"/>
      <vertex
        id="319"
        position="153.586 277.369"
        color="rgba(0,0,0,1)"/>
      <edge
        id="336"
        startvertex="327"
        endvertex="330"
        curve="xywdense(5 540.510157291522,475.977180605574,5 537.579019259053,475.472352568299,5 533.807119140695,474.825525380472,5 530.033123481869,474.180689870822,5 526.264115448889,473.535994410201,5 522.508254478394,472.889116056724,5 518.758047690547,472.243212117789,5 515.00953234116,471.60091645745,5 511.261069584832,470.963010042367,5 507.512227262812,470.328605286934,5 503.77147235261,469.698265038499,5 500.047484097953,469.06119948698,5 496.32203903964,468.406241705911,5 492.584581980729,467.736512362766,5 488.829915751361,467.01465875628,5 485.10993577886,465.979014801046,5 481.432206960596,464.639565878444,5 477.758708577951,463.123934402143,5 474.177467871712,461.586245621882,5 470.587584399761,460.07694882106,5 467.008784229989,458.396545150219,5 463.67317062786,456.524055841813,5 460.264604704282,454.392115180618,5 456.689215355363,452.146169160165,5 453.066897971423,449.587985811748,5 449.693229642628,447.000376044239,5 446.518522789998,444.667667468229,5 443.392182753575,442.589174953046,5 440.125556720316,440.859096962216,5 436.923639934185,439.453319034543,5 433.689650963972,438.365481638232,5 430.445625963412,437.521226577867,5 427.307612448196,436.745720884425,5 424.137720457285,436.014092651987,5 420.810088751686,435.335422856929,5 417.372035213443,434.699502515558,5 413.926741923322,434.077653936894,5 410.546581553314,433.521154513143,5 407.222188797652,432.954488538833,5 403.814931672033,432.244356745623,5 400.320643657044,431.340135438415,5 396.761350664104,430.098274918199,5 393.260518480989,428.558141643689,5 390.008428892735,427.042482897536,5 386.743728154046,425.654477557609,5 383.313046789997,424.350422503258,5 379.770099086322,423.074113026159,5 376.129487643912,421.865823191794,5 372.442126308378,420.724724409387,5 368.794237236835,419.62336179464,5 365.226103907486,418.53927380444,5 361.751926470081,417.497049581434,5 358.341578241602,416.534622591221,5 354.98205732053,415.639652134403,5 351.568642741684,414.66985628302,5 348.122022093334,413.466622672708,5 344.667698584263,412.016025382562,5 341.240417118655,410.37681800204,5 337.844147887255,408.606152406584,5 334.488820325905,406.781004013592,5 331.143972009518,404.978488907876,5 327.77837691222,403.2543916081,5 324.35937295792,401.648425785838,5 320.896058841488,400.182869112163,5 317.388851530799,398.86184546631,5 313.863243583713,397.660457953508,5 310.314734926342,396.57313000523,5 306.760515327669,395.556911700646,5 303.212081535897,394.554918301199,5 299.65557590087,393.554014040436,5 296.11667604495,392.563153295804,5 292.596072119602,391.545388536735,5 289.091416918075,390.346221995992,5 285.543263126282,388.959903384957,5 281.939144256861,387.451413284331,5 278.342631379698,385.877926066531,5 274.840386273513,384.267299866023,5 271.426568196,382.654903158901,5 268.031591814536,381.148622176104,5 264.590157817162,379.814622377944,5 261.068134583639,378.727559103556,5 257.361469330711,377.897587590066,5 253.549934736407,377.255121687768,5 249.795520020281,376.651408558677,5 246.251642429754,375.932232999524,5 242.843661057446,374.819348182896,5 239.463916859237,373.432212509828,5 236.093521198998,371.900347317824,5 232.754619574476,370.20505426656,5 229.340081547759,368.343702684115,5 225.95917421326,366.399466186161,5 222.648663135328,364.530402857885,5 219.279415835951,362.757927425396,5 215.872390240502,361.130672889233,5 212.44120521029,359.61985516037,5 209.080086842584,358.188005907723,5 205.765868396544,356.777988729068,5 202.513545491209,355.359226273467,5 199.231753290297,354.014884753178,5 195.868545930339,352.913791828349,5 192.400055039426,351.940225738052,5 188.796564661477,350.87377915497,5 185.199683743102,349.738378366524,5 181.698685042001,348.780046329385,5 178.404070495234,347.946115387093,5 175.137579362091,347.081720792818,5 171.878371748356,345.999746228979,5 168.293621597004,344.944496262584,5 164.682431966624,343.707959721539,5 161.23074300757,342.295131908618,5 157.833768050519,340.707360344759,5 154.670484769469,338.966775521793,5 151.529315124545,337.28897983194,5 148.756017367874,335.440037418189,5 146.30946207107,333.116344896311,5 143.944139828183,330.254487443897,5 141.832487984365,327.177262899456,5 139.788974987417,324.305694943322,5 137.833174192256,321.454490127132,5 136.799723235056,319.806967045209,5)"
        color="rgba(0,0,0,1)"/>
      <vertex
        id="327"
        position="540.51 475.977"
        color="rgba(0,0,0,1)"/>
      <vertex
        id="330"
        position="136.8 319.807"
        color="rgba(0,0,0,1)"/>
      <edge
        id="352"
        startvertex="350"
        endvertex="351"
        curve="xywdense(5 1222.68551070276,532.552488920979,5 1218.38292062139,532.552488920979,5 1214.24780091853,532.552488920979,5 1210.2703372399,532.552488920979,5 1206.49616950399,532.552488920979,5 1202.90016093879,532.552488920979,5 1198.97480100942,532.552488920979,5 1195.00303819081,532.552488920979,5 1190.993668354,532.552488920979,5 1187.08693097135,532.552488920979,5 1183.41404524986,532.552488920979,5 1179.86890040088,532.552488920979,5 1176.25030043358,532.552488920979,5 1172.4368567131,532.552488920979,5 1168.35258375373,532.552488920979,5 1164.43774580974,532.552488920979,5 1160.83065765828,532.552488920979,5 1157.34301238341,532.552488920979,5 1153.64739132733,532.552488920979,5 1149.81380063701,532.552488920979,5 1146.13436114909,532.537812667131,5 1142.55846182881,532.330885613477,5 1139.10066149811,531.926276039971,5 1135.61590620054,531.357538398388,5 1132.11331931937,530.671682471838,5 1128.57684796736,529.915182034052,5 1125.08444977733,529.154736910443,5 1121.61752495534,528.430313258997,5 1118.25877778978,527.791292142063,5 1114.7275942426,527.213337863064,5 1111.04738084475,526.732845368911,5 1107.4939835196,526.449523506643,5 1104.09702147956,526.267762346436,5 1100.54791281328,525.951534831704,5 1096.72680665989,525.556857247603,5 1092.78214252571,525.315321964747,5 1088.74212110999,525.293190043636,5 1084.66082779939,525.515757179451,5 1080.58406631146,525.945922088575,5 1076.55541670631,526.357185781678,5 1072.5475922202,526.525862357299,5 1068.35843674907,526.475208045441,5 1064.05618475875,526.23644359839,5 1059.80115093056,525.980420318446,5 1055.65402816801,525.899512885662,5 1051.9773820521,525.960049183681,5 1048.66828608711,525.886647500657,5 1045.23928049298,525.409881895868,5 1041.55254200145,524.717594060668,5 1037.7531799047,523.917174357687,5 1034.02928669936,523.00874416942,5 1030.34283801244,522.187011609519,5 1026.68234060448,521.699108917535,5 1022.97442566332,521.478780557581,5 1019.34970482861,521.348154371619,5 1015.7408901014,521.204155064168,5 1012.14701443523,521.111091516008,5 1008.46871727323,521.178699478213,5 1004.71594386755,521.224852780007,5 1000.94409801359,521.258269209249,5 997.199561184313,521.275839141295,5 993.502823396798,521.251451961782,5 989.903048578241,521.166585474897,5 986.327004789023,520.915748818339,5 982.736553344524,520.610601339902,5 979.132017091227,520.221340966531,5 975.413179366884,519.758736765215,5 971.681280408888,519.210943854905,5 967.895564286083,518.609379990461,5 964.214314846083,518.087784248086,5 960.613857750998,517.71326795646,5 957.004146963406,517.284678198827,5 953.538289764538,516.747000549617,5 950.07075190037,516.134112333636,5 946.380244843029,515.434868817488,5 942.609138568015,514.94845388915,5 938.963119706271,514.780215089906,5 935.409656439478,514.438421180642,5 931.714119534512,513.936750913502,5 927.891635091859,513.416106676922,5 924.119020700872,513.094376257534,5 920.540586980391,512.911924517544,5 916.941043276234,512.49195000793,5 913.218495963041,511.86272573355,5 909.503832877678,511.273637972293,5 905.848301532174,510.801413633922,5 902.226442547708,510.24240464259,5 898.548398901322,509.629259473646,5 894.739004773918,508.954761186296,5 890.938290896955,508.428216472103,5 887.195071245048,508.073964625996,5 883.501124673724,507.773360528366,5 879.941208441723,507.337775144244,5 876.372794649686,506.711192571498,5 872.82240978658,506.009387270176,5 869.193654406606,505.262639299438,5 865.528525056714,504.539031775056,5 861.802769596078,503.9535889434,5 858.06509945052,503.523360356494,5 854.326132577618,503.139356775366,5 850.713185821041,502.57693519076,5 847.192393768726,501.847935809148,5 843.733889846569,501.02057383676,5 840.34794028745,500.114299736407,5 836.995587281488,499.128830291408,5 833.64672384405,498.167914731693,5 830.253450250443,497.361830754972,5 826.831765050866,496.717470688481,5 823.392876276983,496.234806264707,5 819.885635459525,495.916621124691,5 816.384993228745,495.699155031375,5 812.843080040431,495.419673014103,5 809.26466008566,494.889020799959,5 805.592927380838,494.022895606099,5 801.805137674614,493.209055841177,5 798.05146868518,492.679685966637,5 794.70772065435,492.042072624799,5 791.675639287187,491.192284955908,5 788.867262770166,490.196539639976,5 786.215634385896,489.072028929713,5 783.606621231947,487.939424041826,5 781.002741028153,486.763996982134,5 778.443579373819,485.502600619498,5 775.849508328404,484.213439840991,5 773.042082549253,482.869843265973,5 770.067410219562,481.478120183187,5 767.034010151872,479.90656035135,5 763.988214963629,478.153370688764,5 760.869027948055,476.310798309246,5 757.558657358921,474.552754885493,5 754.132503029668,472.771879802403,5 750.788358571136,471.029047790491,5 747.482769785452,469.360364831091,5 744.306661567688,467.948973267102,5 741.152551863751,466.614023242003,5 737.818630925357,465.362124671037,5 733.929114972515,464.132310715021,5 729.831263643792,463.016454961948,5 726.155248352029,461.852827520292,5 722.862336233772,460.657724149782,5 719.484077754762,459.269981990437,5 715.990781987321,457.684181978001,5 712.719267102981,455.874842141315,5 709.799051696871,453.743407430348,5 707.333148068504,451.363916048795,5 705.083723963513,448.864192941814,5 703.027104003339,446.262545856591,5 701.205469039102,443.348174941053,5 699.384605706908,440.419806032765,5 697.211445842814,437.588333147569,5 694.559597779816,434.998679947093,5 691.729554501898,432.783280232106,5 688.86714410852,430.702116957254,5 686.062145989361,428.699630344774,5 683.295965271558,426.638615103286,5 680.53927326714,424.493173640811,5 677.7527828374,422.230376474536,5 675.009087944743,419.781191276144,5 672.242274705779,417.324766251615,5 669.535750742373,414.757474415799,5 667.026901075193,412.063611322979,5 664.666624074284,409.387300774427,5 662.41446776592,406.726501248516,5 660.140115526931,404.041722592438,5 657.588600398509,401.508105661936,5 654.911184263269,398.990291751449,5 652.617711127527,396.203414011031,5 650.7634614818,393.053370422376,5 648.994546579734,389.654648011926,5 647.172611585329,386.032441811114,5 645.181552962565,382.361466276444,5 642.81283660464,378.687132984013,5 640.165772460901,375.103398953824,5 637.521969759049,371.557044098227,5 635.022430790972,368.063201182391,5 632.665555666949,364.664127405137,5 630.339435343633,361.31969414655,5 628.097531415254,358.170689907501,5 625.723382472005,355.155431313992,5 623.269072432136,352.36901092884,5 620.854540195268,349.55548259264,5 618.530075264739,346.764697947578,5 616.170759505531,344.422250769602,5 613.837415493977,342.477512256244,5 611.721882760555,340.747475716216,5 609.512211111231,339.226426338517,5 607.340112075628,337.801544041847,5 605.106842108715,336.452204622893,5 603.019303030505,334.782375026097,5 601.259491531887,332.613246537531,5 599.6398426621,330.418160752967,5 597.874812823026,328.18655825595,5 596.009298731598,325.799064022156,5 594.165911203868,323.129149577907,5 592.558613745727,320.158217805961,5 590.793783081976,317.252628870676,5 588.825164757911,314.396205749377,5 586.747761189133,311.79455912088,5 584.639194410851,309.447562748555,5 582.401917105737,307.191387111265,5 580.145981398526,304.729884793764,5 577.92965713377,301.895872433979,5 576.017161668694,298.749045891328,5 574.349306802529,295.584523125114,5 572.632603354399,292.580855015379,5 570.752581151758,289.707613868372,5 568.735308990134,286.947428525736,5 566.649556441565,284.312744725296,5 564.767483927312,281.562416374818,5 563.186289930553,278.529398277783,5 561.892398442327,275.564631320441,5 560.553968175522,272.907132924333,5 558.903375785378,270.411656398802,5 557.007178100268,267.678885183193,5 554.990708621493,264.622891582958,5 553.387000590734,261.363046829206,5 551.808898175489,258.410943594264,5 549.831149823274,255.681094565097,5 547.750914597019,252.809417751956,5 545.74687338533,249.893995086515,5 543.839290686905,247.156273605776,5 542.010691564763,244.454920385334,5 540.239737345658,241.65116046442,5 538.607401200262,238.780825284335,5 537.018931360764,235.843520171071,5 535.168188340259,232.806108827104,5 532.912272236784,229.912618983716,5 530.365266341508,227.187429769103,5 527.657524905849,224.482333672147,5 524.991090219524,221.659422250807,5 522.473293123512,218.639257969536,5 520.241575177711,215.397662063931,5 518.285324759616,211.980534767396,5 516.704566928002,208.627246163553,5 515.779728511203,205.382439948434,5 514.739880424129,201.904011641788,5 512.975037562315,198.153598259455,5 511.158635984414,194.653325133914,5 510.117810040501,191.631594529525,5 510.083012762855,189.069052624803,5 510.78645447615,186.361595505822,5 511.513667196532,184.896254462391,5)"
        color="rgba(255,0,0,1)"/>
      <vertex
        id="350"
        position="1222.69 532.552"
        color="rgba(0,0,0,1)"/>
      <vertex
        id="351"
        position="511.514 184.896"
        color="rgba(0,0,0,1)"/>
    </objects>
  </layer>
</vec>
