<?xml version="1.0" encoding="UTF-8"?>
<!-- Created with VPaint (http://www.vpaint.org) -->

<vec
  version="1.6">
  <playback
    framerange="0 47"
    fps="24"
    subframeinbetweening="off"
    playmode="normal"/>
  <canvas
    position="0 0"
    size="1280 720"/>
  <layer>
    <background
      color="rgba(255,255,255,1)"
      image=""
      position="0 0"
      size="cover"
      repeat="norepeat"
      opacity="1"
      hold="yes"/>
    <objects>
      <face
        id="98"
        cycles="[79+ 92- 88- 58- 25+]"
        color="rgba(255,254,81,1)"/>
      <edge
        id="25"
        startvertex="4"
        endvertex="77"
        curve="xywdense(5 174.338914240378,365.470631954833,5 171.301540025842,368.876462482408,5 169.994948036734,371.333873221741,5 169.151309565066,373.862899706525,5 168.624175485669,376.507749412523,5 168.300341054596,379.230278162371,5 168.269156809858,382.108074604777,5 168.646139275801,385.317422614549,5 169.314590391939,388.57325197578,5 170.114079365089,391.442123256784,5 171.0465501255,394.389305133706,5 172.5233337515,398.11269928215,5 174.094731837932,401.635469308987,5 175.961329736994,405.457832324186,5 178.106662053622,409.431841759924,5 180.644680546078,413.670034046777,5 182.017273502313,415.821599388906,5 183.919022162098,418.579412071219,5 186.020258837217,421.565426677541,5 188.988757043083,425.542612126621,5 191.717079318627,428.994948862196,5 194.188141871839,432.206405040995,5 196.260011114896,435.172117151939,5 198.129204702966,437.89191282599,5 199.849948688722,440.227635741324,5 201.703122697793,442.598265239044,5 204.520138198136,445.609352298384,5 207.031341837242,448.001103025661,5 209.260552284825,451.401238332235,5 210.767214277692,453.473934548627,5 212.330941358266,455.52396621522,5 215.016670651927,458.742777360237,5 217.621283203685,461.672692245261,5 220.084024445224,464.394159614561,5 223.271996982286,467.741455339081,5 226.079408626229,471.096454970456,5 228.408030329923,474.324968954716,5 230.211278472102,477.674709572235,5 231.90430717357,480.439743806434,5 233.633427839683,482.851781127067,5 236.74763924763,486.453833815968,5 238.66558653846,488.609898293142,5 240.486513819365,490.594390683203,5 242.681457645542,492.967066495637,5 244.601015362108,495.454512928723,5 246.357966597034,498.616043300581,5 247.876613674211,501.668900685831,5 249.358456746912,504.57996081107,5 251.06931081451,507.354218493821,5 253.186312169188,509.948466850556,5 255.564784081128,512.372355454925,5 258.01151451543,514.738745938841,5 260.367888664791,517.146224340466,5 262.600908598758,519.666519412975,5 264.724052579713,522.270852333591,5 266.709647030596,524.987923464687,5 268.552669889811,527.812317173394,5 270.126378680115,530.76702369085,5 271.589983770725,533.75416627751,5 273.111208576752,536.668599886267,5 274.765001780414,539.505349781842,5 276.419691739802,542.288544024341,5 277.983698373836,545.019829409314,5 279.581598156521,547.703011343938,5 281.142273094155,550.401535445072,5 282.539441259671,553.156544458782,5 283.874889783298,555.938507870252,5 285.175199891343,558.718638074367,5 286.538493526365,561.441104053947,5 288.080509280925,564.050376120532,5 289.808354611933,566.540486202142,5 291.536491685768,569.022808716682,5 293.150978559913,571.557152558061,5 295.061208002355,573.957621196241,5 297.185800484755,576.204718161539,5 299.258444925612,578.377265108136,5 301.290661494578,580.436825839523,5 303.286939228258,582.395252580803,5 305.238402580311,584.394465597455,5 307.072026850421,586.573854153072,5 309.014823994743,588.799344126926,5 311.200754191418,590.981792759138,5 313.298902670476,593.213997481126,5 315.320608626634,595.470521670167,5 317.424779703102,597.616290684593,5 319.625525164653,599.560665482882,5 321.78515591566,601.304952140231,5 323.787809601874,602.898814519807,5 325.87185543312,604.388422417965,5 328.055706384006,605.948599594483,5 330.174568552552,607.864216106761,5 332.354516347652,609.812048033013,5 334.381288162089,611.618049902616,5 338.10197853091,614.812906706222,5 340.189877634977,616.260368649789,5 342.569693439392,617.810204166651,5 344.879610703377,619.608750268435,5 347.238163562173,621.434108857342,5 349.581828299775,623.168131000337,5 351.768493830143,624.850056578243,5 353.922091918913,626.474162637349,5 356.150123381324,628.086094515602,5 358.568662439505,629.720259449246,5 361.012347743596,631.457889854157,5 363.63895466179,633.114035170013,5 366.567904683985,634.424857597865,5 369.901618129704,635.429877174917,5 373.314177672414,636.264399714354,5 376.714933450207,637.191767777206,5 379.996528144972,638.523624511198,5 383.115480499975,640.273435206841,5 386.251040001727,642.224780458318,5 389.453651440998,644.291710887253,5 392.717627999818,646.162618535114,5 396.039229550526,647.862140891586,5 399.380143980021,649.507561868885,5 402.668726368088,651.104637685196,5 405.905728867236,652.591748401352,5 409.141536271672,653.916773599248,5 412.46016669854,655.056108169937,5 415.916845186793,656.191423906762,5 419.565484632606,657.522300214949,5 423.315893560826,659.119831469152,5 427.087083482249,660.666292885327,5 430.94122431431,661.912957061886,5 434.884107849902,662.877314789997,5 438.873700516665,663.693905457139,5 442.867121652575,664.502102023955,5 446.826031369243,665.298457419795,5 450.718430507596,666.066065446899,5 454.539831721727,666.758528292113,5 458.200449255275,667.259941249356,5 461.781785320372,667.591816578858,5 465.325615535122,667.878816322686,5 468.854351120033,668.232271383389,5 472.498504893632,668.709236707601,5 476.316878190575,669.222676890716,5 480.148240150943,669.676663078,5 483.986007705869,670.029302086735,5 487.837250934355,670.296396484679,5 491.715753690696,670.448561298621,5 495.60138818148,670.498198145429,5 499.485585090943,670.506368952392,5 503.318278294009,670.554064790907,5 507.093440633231,670.717205798108,5 510.819397406608,671.012711632942,5 514.485729165766,671.407253975692,5 518.127334907333,671.847211486497,5 521.798888640805,672.265078446603,5 525.54839118036,672.688695140685,5 529.328343415527,673.120476991493,5 533.119921532388,673.543887055364,5 536.932738375133,673.935741127207,5 540.789521708407,674.282296765566,5 544.635006644668,674.570888090808,5 548.453364997412,674.804908716045,5 552.244745783762,674.996581343522,5 556.008199095148,675.155561788987,5 559.745754920362,675.28878105998,5 563.462132708025,675.404240189772,5 567.170838214369,675.499892285854,5 570.890705672281,675.552045244992,5 574.635078169849,675.52665116551,5 578.387350238745,675.416663494672,5 582.164428669837,675.23804109816,5 585.960089046849,675.02290277187,5 589.770926955831,674.812779486934,5 593.596704248486,674.622724605379,5 597.446124776834,674.462779992741,5 601.316201722871,674.351373926063,5 605.204049800616,674.306769981957,5 609.075636488201,674.323314871268,5 612.925705071706,674.371528930944,5 616.74757294807,674.435574559739,5 620.551931025643,674.505529827319,5 624.324682290522,674.572358030908,5 628.065236486646,674.633061612874,5 631.769364491526,674.669332136148,5 635.464524145127,674.682087935275,5 639.124962902154,674.651207552731,5 642.783190561552,674.538105912887,5 646.418695266951,674.393691008033,5 650.100299509967,674.292864150575,5 653.797924171352,674.27907652741,5 657.533180507082,674.347600350469,5 661.270823620715,674.42617107,5 665.068554343508,674.413510807195,5 668.922372842329,674.305994294861,5 672.743074249971,674.213307168097,5 676.539404243949,674.195577689339,5 680.368463798105,674.157064757768,5 684.216118190735,673.974788706569,5 687.97263101763,673.658543351195,5 691.661268558706,673.274058360875,5 695.344035671511,672.853819949704,5 699.022854463948,672.494086316989,5 702.714058996536,672.286762806975,5 706.420122429827,672.337719138015,5 710.034674563865,672.608964522986,5 713.632420851448,672.934375153616,5 717.215475785241,673.205163251951,5 720.793253611654,673.419671605571,5 724.358256717956,673.602469915935,5 728.075535013377,673.808343630772,5 731.983750522135,674.015510173231,5 735.898049628157,674.17376797083,5 739.771723012051,674.26724782597,5 743.616543426201,674.304026550095,5 747.448754181917,674.297270584747,5 751.28163390229,674.270425259095,5 755.088212611189,674.23444561027,5 758.868164112535,674.197963495987,5 762.621237429504,674.159863956444,5 766.351822118646,674.097493408589,5 770.068806725061,673.999363214687,5 773.775442090025,673.856469402426,5 777.478450172512,673.66923733533,5 781.205262635956,673.44672703851,5 784.924739249427,673.194178269949,5 788.654399982948,672.923157327412,5 792.467649766831,672.668367167058,5 796.351901394343,672.431596992135,5 800.311555662511,672.207816823935,5 804.352564477493,671.994777936614,5 808.472810699734,671.788030798278,5 812.65576695955,671.600164396015,5 816.904067952685,671.443090943239,5 821.209696251343,671.32154800545,5 825.558900170783,671.242073268112,5 829.953969572923,671.205974550862,5 834.388452571723,671.20926638217,5 838.861807586864,671.243616142394,5 843.385138156933,671.296631333018,5 847.956490212885,671.356628259282,5 852.597176288479,671.411105298481,5 857.27929872837,671.447441522752,5 862.019723655267,671.458243130553,5 866.814301206966,671.445402284354,5 871.649987519037,671.413781339665,5 876.502361034266,671.370117646764,5 881.363950070448,671.319183238877,5 886.238643003466,671.263157610864,5 891.161571009004,671.198759261748,5 896.074542930687,671.125498513262,5 900.970471429061,671.04380487461,5 905.85434855937,670.953997793471,5 910.722379574739,670.856590230436,5 915.559916573123,670.751884826215,5 920.403173184237,670.632755878372,5 925.220985825777,670.506852802564,5 930.051540188117,670.393117317686,5 934.986102398157,670.298114499712,5 937.542569970311,670.249912255248,5 940.142861650204,670.195238889488,5 942.771865605181,670.130733788265,5 945.428057241853,670.048689959494,5 948.110342770176,669.942377532095,5 950.802328479052,669.805562452667,5 953.493159385475,669.627910705889,5 956.165126689167,669.414998763699,5 958.795139943372,669.167722754392,5 961.388494248087,668.889817983247,5 963.942193660032,668.583676186281,5 966.458017017152,668.254203051386,5 968.934186678421,667.9019989753,5 972.42222423757,667.388078099082,5 976.192071683576,666.847449153039,5 980.922720439704,666.281580518363,5 985.693715546802,665.840727032849,5 990.569806233401,665.508326657775,5 995.502314379526,665.306063694651,5 1000.44477127948,665.190347606785,5 1002.95627132367,665.147585660659,5 1005.46139143207,665.108494571125,5 1010.35268496871,665.021464012686,5 1015.07440330334,664.939254862198,5 1019.68455754815,664.904953916849,5 1024.27259144938,664.842050658608,5 1028.94261889118,664.578250520327,5 1033.82091884683,664.048287319603,5 1036.35812779357,663.725388467862,5 1038.94845130135,663.385311689789,5 1041.58179478877,663.043276668405,5 1044.25162618748,662.717696510811,5 1046.95225404785,662.427607796213,5 1049.67098440922,662.185933414939,5 1052.39344090576,662.021142314603,5 1055.11883514919,661.9048400549,5 1057.83963025936,661.825120650541,5 1060.56168328547,661.760921350282,5 1063.28826868702,661.685694635217,5 1066.01963942289,661.60422020731,5 1068.75961087323,661.508101447557,5 1071.50078897249,661.410422863198,5 1074.23917981502,661.321891915704,5 1076.96833092076,661.240872530282,5 1079.67999033456,661.169752295488,5 1082.37546206119,661.106614851039,5 1085.05430456278,661.046749047934,5 1087.71258868345,660.995893777946,5 1090.35448724444,660.962546705777,5 1092.98123187732,660.945392328053,5 1095.58586707664,660.951478098627,5 1098.17012862911,660.954181273056,5 1100.72644572489,660.923665410057,5 1103.27605653786,660.876775562408,5 1105.80666782779,660.74848685964,5 1108.32820232158,660.572202516895,5 1110.84899141155,660.3497026987,5 1113.36151586111,660.11083168644,5 1115.86222603844,659.883588673517,5 1119.41572798039,659.613811273426,5 1123.257724507,659.365465680465,5 1128.0663913615,659.309677124583,5 1132.75493204034,659.455767594826,5 1137.29640291312,659.72411592836,5 1141.66819640993,660.023346135132,5 1145.80396286988,660.146709830332,5 1149.66328540397,659.704200661041,5 1153.20982326418,658.439965267497,5 1156.28142490965,656.365567014794,5 1158.72852362966,653.707242607662,5 1160.81364666417,650.927989988483,5 1162.81767024171,648.145379066217,5 1164.75824328523,645.435699593503,5 1166.65698408782,642.87154073104,5 1168.37511142161,640.333856901541,5 1169.98661741936,637.836125106931,5 1171.5428168166,635.406234160016,5 1173.00985759434,632.941419309925,5 1174.46569067443,630.493166810717,5 1175.87247068436,627.982366345743,5 1177.12270844515,625.307066674864,5 1178.26379511602,622.513363178075,5 1179.21368202173,619.609130189296,5 1180.08498381028,616.725418854785,5 1181.01690707188,613.96592421691,5 1181.94370071882,611.248214135198,5 1182.83412180783,608.545836563118,5 1183.72834075483,605.846450354906,5 1184.5839045818,603.070857642276,5 1185.41552547495,600.166228629971,5 1186.25577260726,597.146994325106,5 1187.17269989492,594.055268883369,5 1188.19258595437,590.928412403051,5 1189.24799047416,587.781225085407,5 1190.2718614958,584.655639835181,5 1191.29902957086,581.531038098728,5 1192.36426384294,578.451334556092,5 1193.52803708203,575.440537568492,5 1194.74193228295,572.342259465006,5 1195.98538152132,569.101895349059,5 1197.18300151133,565.873299958687,5 1198.23207200661,562.639560827013,5 1199.10636161911,559.352859337651,5 1199.83213095904,556.037830075483,5 1200.3337824093,552.659305923794,5 1200.61667405065,549.251307180733,5 1200.80353001215,545.841937720236,5 1200.99922121059,542.478759307961,5 1201.21749334167,539.140038432915,5 1201.377687231,535.752348858197,5 1201.61988850422,532.283358580626,5 1202.14418456661,528.782255355759,5 1202.78716876518,525.188889007946,5 1203.38917398403,521.670553629777,5 1203.87640384504,518.427153644384,5 1204.34469055837,515.444339128024,5 1204.92207408724,512.436985825015,5 1205.44585194913,509.217308507696,5 1205.67022415777,505.784266107539,5 1205.80632179377,502.38667996315,5 1205.95739785867,499.059167173533,5 1205.97570524428,495.588174235499,5 1206.08022911748,491.971618713627,5 1206.40686302913,488.3417473468,5 1206.87209167794,484.78659833807,5 1207.36692231581,481.297042740826,5 1207.81316239378,477.83798166651,5 1208.12212677401,474.453811390526,5 1208.305696952,471.053121539234,5 1208.43921938531,467.529309844636,5 1208.53577442143,463.848025137747,5 1208.59195280058,460.103947099868,5 1208.75578192221,456.449248813114,5 1209.12476905737,452.890395194585,5 1209.63532606031,449.462529914266,5 1210.14897261116,446.12722602434,5 1210.57896484783,442.766442749529,5 1211.09096834377,439.428666747275,5 1211.53572523118,436.096710321381,5 1211.85195539044,432.763397769417,5 1212.14971339994,429.418468904238,5 1212.53731292396,426.120332737547,5 1213.16043262554,422.839087258728,5 1213.95367808629,419.501413243963,5 1214.66087664499,416.132191113535,5 1215.36638447923,412.932484680988,5 1216.23144188657,410.028584521237,5 1217.16065525716,407.172097547995,5 1217.98412109484,404.018674428732,5 1218.69288339299,400.508003827016,5 1219.03890917736,396.828592434065,5 1219.15379759856,393.110814940634,5 1219.22502623545,389.447277093486,5 1219.48684015432,385.887019868679,5 1219.79776521032,382.33105084656,5 1220.08693869343,378.687867490262,5 1220.49960424451,375.042604524922,5 1221.06773208498,371.420254614444,5 1221.81032426025,367.815649637272,5 1222.53050024302,364.19426329636,5 1223.20690263643,360.55978085711,5 1223.94767626835,356.904785540112,5 1224.63681634911,353.188284659974,5 1225.13916778838,349.418239281127,5 1225.43825599606,345.623544289211,5 1225.52690465028,341.833784614591,5 1225.46018513056,338.06518969095,5 1225.46243031237,334.293561627074,5 1225.79448530993,330.515635616118,5 1226.43498263386,326.750899211182,5 1227.01395195987,322.992142591295,5 1227.31440043335,319.160189844485,5 1227.42410337248,315.281365867938,5 1227.51865777774,311.400165747451,5 1227.53267255164,307.493538645572,5 1227.42214450309,303.595825599559,5 1227.28197846593,299.738631106533,5 1227.15032636232,295.93502942311,5 1227.15125525263,292.129502306698,5 1227.39096028148,288.323160007477,5 1227.76199382082,284.494267035169,5 1227.89975442978,280.605900624454,5 1227.78585591077,276.685762827896,5 1227.60502729937,272.773833255685,5 1227.48336615026,268.85151442983,5 1227.35050401916,264.912431083824,5 1227.24048252973,260.999443134185,5 1227.13781009295,257.1083053308,5 1227.04450903699,253.215115677241,5 1226.91330493433,249.314347160832,5 1226.77714532268,245.425175990145,5 1226.61380273224,241.58204075799,5 1226.47867691904,237.769288566036,5 1226.54983982558,233.95268199563,5 1226.87915480652,230.137947807012,5 1227.18675419331,226.29018712055,5 1227.19908840783,222.40421667749,5 1226.98205869287,218.546544826883,5 1226.8158175584,214.72977540607,5 1226.91059567252,210.902837365344,5 1227.23845010331,207.077766527564,5 1227.56692103675,203.249495758073,5 1227.76334359472,199.401539684971,5 1227.85834315995,195.564056514633,5 1227.84383516499,191.725899624702,5 1227.82402579765,187.883416322284,5 1227.97881812133,184.054507407857,5 1228.18126167181,180.225748397088,5 1228.2740474131,176.369136306441,5 1228.37239849908,172.568438511875,5 1228.40410472206,168.85009090923,5 1228.03378706414,165.164726387873,5 1227.15022437603,161.471673685591,5 1226.09568761724,157.765470685544,5 1225.11190709427,154.094137548846,5 1224.15009023645,150.535870892489,5 1223.1066355864,147.10861099486,5 1221.91959255934,143.649458612405,5 1220.5125493972,140.156582501916,5 1218.98477533095,136.763946429342,5 1217.62764177757,133.517544561577,5 1216.2992545176,130.488417942291,5 1214.8461828967,127.614784087359,5 1213.13148872717,124.812281314336,5 1211.0307224502,122.016814292958,5 1208.83042090869,119.108773413017,5 1206.68254190123,116.160112889238,5 1204.62837319686,113.315589990178,5 1202.49116729594,110.772486203272,5 1200.30462646128,108.435852840927,5 1197.96780034018,106.26680980113,5 1195.29992084951,104.265328651088,5 1192.11089088999,102.68186676979,5 1188.626725662,101.50846637435,5 1185.10201533084,100.738845045836,5 1181.68304292392,100.205644576282,5 1178.31788724037,99.7859596123357,5 1174.91691691788,99.2523647400341,5 1171.39398042198,98.5920302685562,5 1167.72405791669,98.0872409175834,5 1164.00545818883,97.7590022870753,5 1160.26135524444,97.6333065467883,5 1156.50254080221,97.6736589481576,5 1152.72572596997,97.7719876767974,5 1148.92980573025,97.8202368332942,5 1145.12155323413,97.8419815395868,5 1141.3205457289,97.8456778908741,5 1137.59435342415,97.8038287777438,5 1133.85509316921,97.8042805963389,5 1130.14586014091,97.9866329049306,5 1126.49033305572,98.3594938275503,5 1122.83484747121,98.7476341318915,5 1119.17864866495,99.1226395333763,5 1115.5319671247,99.5693157984209,5 1111.92389827254,99.9975310298716,5 1108.26362157752,100.36589093809,5 1104.64038519945,100.723828428229,5 1101.0793991541,101.261436156905,5 1097.53078533675,101.87113006678,5 1093.93744007208,102.331080192232,5 1090.31194130476,102.6545614697,5 1086.67596281541,102.884958537177,5 1083.04248293929,103.076998014978,5 1079.39130598595,103.399086873181,5 1075.68317762992,103.864192814496,5 1071.91767873986,104.350588981301,5 1068.10177435636,104.673740263844,5 1064.27707226049,104.764011051856,5 1060.45934311715,104.741944383062,5 1056.6404665258,104.691328164057,5 1052.87008595667,104.657358817533,5 1049.08810987145,104.67371413465,5 1045.36457557499,104.772082224354,5 1041.76610575161,105.010316959193,5 1038.20481173688,105.361860166829,5 1034.64341983186,105.707073481971,5 1031.10020070817,106.05805598604,5 1027.57336932154,106.35359671308,5 1023.94754834803,106.550667368936,5 1020.29983188246,106.639122748138,5 1016.63924907697,106.656481915598,5 1012.86035995618,106.631016168276,5 1009.06662850461,106.609872859219,5 1005.25614425733,106.617698245646,5 1001.41056602243,106.652034467796,5 997.558733826295,106.692488402285,5 993.721828628477,106.725297952109,5 989.897972980658,106.752761021441,5 986.10620542111,106.779563011746,5 982.35321732751,106.804316964238,5 978.612514678295,106.82736388457,5 974.915197842505,106.849306434803,5 971.254815204883,106.871474917885,5 967.605777823983,106.896162921135,5 963.944016615654,106.926291572103,5 960.30042430296,106.964073494789,5 956.673932048615,107.010265883296,5 953.044000080148,107.062215277983,5 949.365993521778,107.114474270494,5 945.663343618153,107.160993967974,5 941.927975803163,107.195779380117,5 938.190451370733,107.212987282672,5 934.442269378032,107.206611688779,5 930.67174936563,107.172778366222,5 926.882865157173,107.108339023406,5 923.074863565697,107.013474378239,5 919.259182427842,106.892083543369,5 915.434779667845,106.754065149795,5 911.600279918079,106.614996197519,5 907.765858857773,106.489107754172,5 903.939871007057,106.381267941486,5 900.125243673683,106.291441644305,5 896.333217878689,106.218201522427,5 892.567159409591,106.164209865742,5 888.825875087871,106.130798243307,5 885.104956033685,106.117004722576,5 881.400982662826,106.113563537452,5 877.711262179976,106.107152440165,5 874.035885543631,106.086397191655,5 870.365721205747,106.040679482674,5 866.695393378353,105.961343386858,5 863.026930046411,105.840952918231,5 859.34727089252,105.678110420305,5 855.636181515481,105.482485744535,5 851.915035572896,105.262408786218,5 848.183929373148,105.025146840879,5 844.461895909196,104.770841108137,5 840.743148482137,104.502657111236,5 837.022137148126,104.227263762966,5 833.303054378537,103.951947207061,5 829.5901724677,103.698530217714,5 825.877011640124,103.486830470889,5 822.154756696919,103.326120516046,5 818.431949636952,103.217303361371,5 814.703284415487,103.155632937768,5 810.978460290785,103.137023640495,5 807.246186737678,103.157501920703,5 803.516808702155,103.21270663532,5 799.804119482708,103.296285408046,5 796.103511816174,103.398786915308,5 792.412600286107,103.510030536182,5 788.721103569162,103.618366222206,5 785.026657845024,103.711921418808,5 781.326977450973,103.77741824921,5 777.608109052538,103.804941998928,5 773.891290535803,103.784641809463,5 770.17739472401,103.709236050692,5 766.473257643092,103.576373675867,5 762.77369711765,103.389834912711,5 759.069876462497,103.160794379179,5 755.364083776825,102.905254516106,5 751.647458555543,102.640080069701,5 747.931521482933,102.375615319663,5 744.209741992186,102.116353827037,5 740.474940639274,101.864653121383,5 736.720971473739,101.612892657499,5 732.957130066528,101.364683014621,5 729.18561007379,101.125385566998,5 725.412616328612,100.906978427269,5 721.636300998178,100.715954416022,5 717.854467235789,100.553827880392,5 714.073409466305,100.419019266706,5 710.361438031714,100.324713172569,5 706.786246243526,100.285052684541,5 703.338486779403,100.296945639872,5 700.020203217359,100.358152809139,5 696.831795546672,100.454080678948,5 693.763610492318,100.572823491604,5 690.798917999457,100.698688919449,5 687.905646129853,100.818933256639,5 685.075028049424,100.941867284178,5 682.299361955924,101.075120355371,5 679.579653937951,101.224993900508,5 676.909122153273,101.398666550242,5 674.289942276145,101.610033071453,5 671.681425020578,101.831404473681,5 669.096193964652,102.085115151842,5 666.52500430643,102.353867245233,5 663.963466710886,102.628628058583,5 661.40963670702,102.90692959436,5 658.86066672935,103.182772983908,5 656.314876424391,103.457716882251,5 653.764414515816,103.730236524949,5 651.224946207545,104.003583305438,5 648.704884885508,104.287463759769,5 645.199359570879,104.639401404785,5 641.394695820843,105.024009002717,5 636.48152697417,105.569249559738,5 633.734418129541,106.226274403924,5 631.201515563997,106.92789459026,5 628.683820615814,107.617619940615,5 626.05837878744,108.1795115225,5 623.403435397591,108.485250470293,5 620.734481468895,108.645054379832,5 618.027390814402,108.820521539537,5 615.266693124935,109.048795434841,5 612.460051219688,109.275062236421,5 609.620916132551,109.485474686168,5 606.750131221473,109.689859162402,5 603.835255662511,109.889552418665,5 600.875976139268,110.085545597843,5 597.874375115764,110.288262151722,5 594.840420111354,110.464157703291,5 591.799135760971,110.581874112128,5 588.721192651568,110.756062939909,5 585.574952504025,111.156109910768,5 582.443490722401,111.666725148893,5 579.464725550041,112.043578451359,5 576.730556621442,112.455089786462,5 574.74942472938,113.191122912097,5)"
        color="rgba(0,0,0,1)"/>
      <edge
        id="58"
        startvertex="4"
        endvertex="57"
        curve="xywdense(5 174.338914240378,365.470631954833,5 176.969171415122,363.830829485135,5 179.661788809211,362.578344988814,5 182.469658496344,361.578801635485,5 185.394149145999,360.663255292159,5 188.684959046181,359.869366521313,5 192.006091119039,359.268752736654,5 195.51735849781,358.791199080608,5 199.224522495293,358.424992691077,5 203.152636868411,358.197338728484,5 207.549730925755,358.285577415638,5 210.115049512323,358.481208569223,5 212.607536237514,358.746502628007,5 215.127113073401,359.038129758481,5 217.909150707034,359.444424483114,5 220.791749807111,359.922565080054,5 223.77171942641,360.468745626553,5 226.857055713522,361.083709126168,5 229.996169864535,361.750308018417,5 233.166446079643,362.459940247295,5 236.28895408314,363.187706808655,5 239.234569738168,363.89666811961,5 242.131253879183,364.614340191673,5 245.034733850071,365.349041669334,5 248.032583593086,366.121423297204,5 251.291653458919,366.971542123391,5 254.629840276446,367.849496925877,5 257.946643435767,368.726500170471,5 261.164105018425,369.57926740781,5 264.132791564355,370.36539322156,5 266.96662894502,371.113452872093,5 269.748267333156,371.843212277186,5 272.422100513794,372.538694158674,5 274.892902774839,373.173665693557,5 277.362183154793,373.798659711634,5 280.085310617599,374.477534050652,5 282.805480045267,375.14408113835,5 285.309383801132,375.74340815329,5 288.747101512832,376.527684611708,5 292.434089555085,377.352403747952,5 296.932159763592,378.275275008425,5 301.203262434333,379.056077266773,5 305.259269818981,379.702805072091,5 308.812689992171,380.048600049385,5 312.232094664177,380.272204846237,5 315.612567270598,380.208966936695,5 318.287169405337,379.844513452258,5 321.096618185431,379.252572890376,5 324.737051903985,377.715667664028,5)"
        color="rgba(0,0,0,1)"/>
      <edge
        id="73"
        startvertex="4"
        endvertex="77"
        curve="xywdense(5 174.338914240378,365.470631954833,5 177.395777595309,363.435150479395,5 179.533624069539,362.092318821935,5 181.955756591586,360.606549363942,5 184.502085014847,359.045200534065,5 187.206708789079,357.387465714228,5 190.078866890056,355.627799498642,5 193.060818265243,353.801660515143,5 196.086159533682,351.949731801967,5 199.189819709404,350.050646248609,5 202.385103262701,348.096280883443,5 205.670472205312,346.087582208798,5 209.058606735853,344.016794761309,5 212.520067717572,341.901856943216,5 216.037451733247,339.753315117342,5 219.58711296663,337.585480510399,5 223.130184695321,335.421906826887,5 226.69473874844,333.245319260152,5 230.295603827494,331.046503146261,5 233.933554472366,328.824787701294,5 237.615555991316,326.57570129942,5 241.337713028923,324.301355926557,5 245.096656152559,322.003514041373,5 248.897597539933,319.678664918683,5 252.749458069552,317.320982677832,5 256.637509346459,314.939058813928,5 260.551371028328,312.538807662463,5 264.486787008988,310.122368408212,5 268.439409352403,307.69326687254,5 272.40479263987,305.256087198153,5 276.378748659886,302.813417665654,5 280.350444394555,300.371914952577,5 284.303831282508,297.94144783049,5 288.250349761261,295.514959307184,5 292.195857953754,293.088829014306,5 296.141054242423,290.662615851826,5 300.089639454058,288.234031730002,5 304.038464378623,285.804997249588,5 307.985658634781,283.376649569478,5 311.931086563319,280.949050925488,5 315.874201037426,278.522509533743,5 319.814366078681,276.097424612175,5 323.75138771903,273.673918116529,5 327.683392800586,271.253130049489,5 331.607226560193,268.836986699396,5 335.526539845671,266.423251165012,5 339.442011603274,264.011502252922,5 343.359402774527,261.598219127994,5 347.289987200102,259.176515426425,5 351.217905128693,256.756066540845,5 355.133018912835,254.343055790267,5 359.029436082103,251.941073031632,5 362.897664650934,249.555903464415,5 366.73836551776,247.187144379903,5 370.549453543804,244.836065169431,5 374.329674855332,242.50343473229,5 378.080937248298,240.188099621713,5 381.791670575029,237.897096267159,5 385.451776061555,235.636568174122,5 389.058747383814,233.408040667453,5 392.612403069204,231.211622905595,5 396.095669790337,229.057706893031,5 399.4997067783,226.951674021708,5 402.799634888272,224.908665286885,5 405.95432323162,222.95371209737,5 409.003686278758,221.062524602504,5 411.971429855982,219.22067688016,5 414.865049001161,217.423608555012,5 417.700141999391,215.661828097275,5 420.476104931745,213.935703049086,5 423.194357008986,212.244370187241,5 425.86442712635,210.582030278179,5 428.497875891245,208.941646848596,5 431.090027375661,207.326068395077,5 433.63975524803,205.735982695661,5 436.147971326923,204.170835432567,5 438.61305690998,202.631611958543,5 441.041477228624,201.114381039991,5 443.437175576287,199.616744639327,5 445.806099062944,198.135088521662,5 448.157718644006,196.663657157652,5 450.485406074622,195.206476393582,5 452.785675339479,193.765663269387,5 455.058570706583,192.341188674484,5 457.302759356581,190.93385922926,5 459.518886536966,189.54328478056,5 461.70773829091,188.1689874277,5 463.867559412264,186.812037033596,5 468.095630182444,184.152908809593,5 472.226887419843,181.551386360943,5 476.274817364915,178.999250588562,5 480.261367849796,176.48308092625,5 484.223019826742,173.980561427626,5 488.129660159116,171.51015913832,5 491.964216704556,169.082349776645,5 495.713009111644,166.700571751354,5 499.343349154957,164.37397207475,5 502.861399177309,162.101350514427,5 506.274177570016,159.881276588009,5 509.578237260822,157.718457524887,5 512.764478651563,155.620829296068,5 515.853022757441,153.577896959068,5 518.857955605508,151.582537444701,5 521.783732223274,149.633305031497,5 524.635004120317,147.728385800086,5 527.422378042428,145.862227378138,5 530.15148220001,144.032153097399,5 532.839851304557,142.228052961492,5 535.515587684731,140.433283344027,5 538.151511271787,138.664946764686,5 540.731199910152,136.933436251563,5 543.248939203978,135.242485517265,5 545.693162873803,133.599280340188,5 548.063472662123,132.004104602192,5 550.357789047538,130.458193017888,5 552.568506276652,128.966053583043,5 554.686674468823,127.532922401758,5 557.506857212621,125.615312057052,5 560.484971424214,123.585806486788,5 563.866591358741,121.257513501039,5 566.814018230808,119.197108542495,5 569.273047694417,117.434433239519,5 571.779218984788,115.563073597581,5 574.74942472938,113.191122912097,5)"
        color="rgba(218,45,191,1)"/>
      <edge
        id="101"
        startvertex="4"
        endvertex="100"
        curve="xywdense(5 174.338914240378,365.470631954833,5 171.86487379924,362.867451408619,5 170.098176728858,361.013332783227,5 168.383836213472,359.215796967419,5 166.621375533633,357.368102124056,5 164.469717147626,355.112711278231,5 162.016911257598,352.48414444804,5 159.510452256721,349.794204574358,5 157.105274886118,347.249375584966,5 154.706986294065,344.724155190116,5 152.255618057643,342.191061675325,5 149.796581886565,339.654815106602,5 147.352443585623,337.109740543131,5 144.931840998785,334.559621933602,5 142.570967130832,332.008053547746,5 140.209493638036,329.449660680345,5 137.784172823425,326.845036859165,5 135.325195245178,324.277090820545,5 132.984642818311,322.001095941149,5 130.331383707225,319.457954018216,5 127.773518806009,317.096376332294,5 125.371258495617,314.753413714094,5 123.437717464255,312.386621369888,5 121.60736710058,310.066036875274,5 120.034341348915,308.096550524676,5)"
        color="rgba(255,96,0,1)"/>
      <vertex
        id="4"
        position="174.339 365.471"
        color="rgba(0,0,0,1)"/>
      <edge
        id="36"
        startvertex="10"
        endvertex="77"
        curve="xywdense(5 362.215853651693,293.770533508542,5 364.350786469164,291.985391612789,5 367.40857369541,289.428522603122,5 370.902687406192,286.506679122963,5 372.940015339113,284.802961022472,5 374.867841610087,283.190766887518,5 376.79804822391,281.57656437176,5 378.854418899612,279.856779224834,5 380.96911898581,278.088155091808,5 383.140991797153,276.271655180168,5 385.378414268267,274.400272631544,5 387.661383532434,272.490722484121,5 389.978100478792,270.552863656605,5 392.312330774359,268.60025764912,5 394.637418719214,266.655173372012,5 396.972829303249,264.701347513413,5 399.328892799367,262.730148167436,5 401.706357658647,260.740950026443,5 404.11031613826,258.729499675927,5 406.538067092848,256.698049530596,5 408.98743644754,254.648413968772,5 411.461935248034,252.577653685119,5 413.967390029822,250.48089056886,5 416.494680248648,248.365755414641,5 419.037507929125,246.237517886311,5 421.593231900133,244.098383265498,5 424.158216823808,241.951385773529,5 426.729147224974,239.799308255181,5 429.303501881014,237.64426172588,5 431.875262696402,235.491295894979,5 434.43586888661,233.347601648124,5 436.99042729605,231.208866471827,5 439.541234889193,229.073142014933,5 442.088160521242,226.940526676224,5 444.632668872681,224.809778067174,5 447.172269432059,222.682970198696,5 449.705347857575,220.561445119417,5 452.230740320679,218.446156327813,5 454.746632079756,216.338595009639,5 457.253361532039,214.238490151912,5 459.751177846315,212.14563881023,5 462.238533966304,210.061327964604,5 464.713073951636,207.987521488675,5 467.177473623313,205.921985757239,5 469.632072835549,203.864433688274,5 472.081523548372,201.810989525834,5 474.534969741567,199.754036633743,5 476.979275210199,197.704510570489,5 479.406037118493,195.669406006787,5 481.810199338272,193.652928970481,5 484.183645725785,191.661832056068,5 486.527153491389,189.695470235173,5 488.839001514512,187.755275427337,5 491.118568643947,185.841769383668,5 493.368282044167,183.952941823046,5 495.577275647359,182.097820761992,5 497.736204618224,180.284171835031,5 499.842932422012,178.513771909479,5 501.897405441393,176.78666585154,5 503.88403008717,175.115815301461,5 507.606899867436,171.98181051985,5 510.857959807081,169.239405813779,5 513.785440450076,166.765427826819,5 516.47721103404,164.486866585661,5 518.960773594529,162.38088008495,5 521.293807917123,160.399546855153,5 523.473650049918,158.545095227316,5 525.505173133711,156.813489361403,5 527.423445683702,155.175600289882,5 531.030317937895,152.089549686553,5 534.272673371614,149.304988439339,5 537.159231313162,146.814777501173,5 539.819210946041,144.511623421741,5 542.411768731494,142.263339444364,5 544.855812925987,140.137465332111,5 547.122899969502,138.157777958071,5 549.214241516837,136.323379608192,5 552.844879254537,133.111534107805,5 556.184620143658,130.139980969261,5 559.79499425367,126.943411080536,5 563.252482489614,123.874066479487,5 566.332458284365,121.119307264402,5 568.99977156702,118.708473867331,5 571.115115410062,116.756782579928,5 573.064481089028,114.851970367055,5 574.74942472938,113.191122912097,5)"
        color="rgba(218,45,191,1)"/>
      <face
        id="99"
        cycles="[92+ 80+ 89-]"
        color="rgba(255,254,81,1)"/>
      <edge
        id="80"
        startvertex="86"
        endvertex="10"
        curve="xywdense(5 393.288984809391,305.245599418302,5 390.983522103472,303.773349097967,5 387.624366571651,301.917422164766,5 384.20974436996,300.483277485837,5 380.7883218241,299.189912876657,5 377.395431242592,297.804782348571,5 374.015427790821,296.509587004342,5 370.674474495278,295.454447365794,5 367.375439403699,294.616744489506,5 364.036993305577,294.02094435288,5 362.215853651693,293.770533508542,5)"
        color="rgba(0,0,0,1)"/>
      <edge
        id="89"
        startvertex="97"
        endvertex="10"
        curve="xywdense(5 333.918111216201,367.601160133553,5 335.831585780105,363.38448629014,5 336.970800840113,359.606843587602,5 337.787495067804,355.277280289751,5 338.334310988505,352.28685560097,5 338.609196416372,347.667508183784,5 338.862104673215,344.219390219606,5 339.125728203309,340.98794424407,5 339.38300371885,337.84451582861,5 339.639407576676,334.774218101036,5 339.885029381476,331.705086233235,5 340.132544316189,328.671450658681,5 340.383869044901,325.673305815653,5 340.657597727402,322.861297880144,5 340.94575194853,320.05661539935,5 341.312479511284,317.117072560544,5 341.725382881482,314.697292053393,5 342.252104935503,312.134725372641,5 343.529381968847,308.052893145013,5 345.085027123564,304.759639423177,5 346.833776796272,301.931272775298,5 348.749890707882,299.425609203958,5 350.83922378475,297.349040481905,5 353.092182137844,295.785258368209,5 355.500654672958,294.78709955419,5 358.083978344615,294.181377338207,5 360.865234030366,293.851190953913,5 362.215853651693,293.770533508542,5)"
        color="rgba(0,0,0,1)"/>
      <vertex
        id="10"
        position="362.216 293.771"
        color="rgba(0,0,0,1)"/>
      <edge
        id="83"
        startvertex="86"
        endvertex="77"
        curve="xywdense(5 393.288984809391,305.245599418302,5 395.745156264455,302.625583524393,5 397.983155638909,300.238450768625,5 400.228881586059,297.843210385699,5 402.48480546488,295.437212188989,5 404.749032646126,293.02249037594,5 407.020661322176,290.600014784404,5 409.299184387126,288.170328306502,5 411.583299264301,285.734824721064,5 413.874490558392,283.291921205783,5 416.173296356504,280.841044427347,5 418.48125363471,278.380559697596,5 420.80134533115,275.907292161943,5 423.129771646734,273.425288986334,5 425.464095297442,270.93714713526,5 427.803211676208,268.444042358507,5 430.145319999375,265.947889999971,5 432.490071512695,263.449068241828,5 434.836906120128,260.948176398218,5 437.184657063389,258.44646641712,5 439.532065594854,255.945295431443,5 441.878847586493,253.444947200481,5 444.224475874124,250.945969270785,5 446.568420818573,248.448927413568,5 448.910394579315,245.954132725142,5 451.24914459621,243.462896776792,5 453.583779460223,240.976160517864,5 455.912927877501,238.495346910574,5 458.234617460665,236.022490545557,5 460.54976008124,233.556697487003,5 462.858704593112,231.097644553773,5 465.161167661827,228.645654072321,5 467.457112876398,226.200800368156,5 469.746148320325,223.763504262774,5 472.027857344587,221.334218018568,5 474.302277735763,218.912921638248,5 476.569699230746,216.49932755376,5 478.828949329584,214.094690739602,5 481.07910622593,211.700003491966,5 483.319707575876,209.315766277578,5 485.550270073131,206.942496326723,5 487.769934798513,204.581135644774,5 489.978098553291,202.232343989019,5 492.173510869863,199.897485333648,5 494.354341925756,197.578558009198,5 496.521726586893,195.274318703359,5 498.676151507785,192.984231990142,5 500.817784936712,190.708208109651,5 502.950305813155,188.447683518971,5 505.074223560514,186.204569520189,5 507.188567401833,183.978987365889,5 509.29202516057,181.771465772205,5 511.382660049605,179.583239878502,5 513.461535049822,177.412418205995,5 515.529378119507,175.257525271934,5 517.585456680993,173.118680835054,5 519.628688752053,170.996416802095,5 521.661007102733,168.888125512346,5 523.682876976618,166.792794185421,5 525.697778702565,164.706276421528,5 527.712209002536,162.62129163908,5 529.7177160562,160.546317544881,5 531.708720229913,158.486844431593,5 533.683192522168,156.444614417264,5 535.638032210176,154.422499684409,5 537.571003852598,152.422686202867,5 539.480461467956,150.446697719149,5 541.36167682487,148.499486833446,5 543.207833571194,146.588411053658,5 545.023714769557,144.707888993166,5 546.812251805635,142.854413714519,5 548.5722629253,141.029172334449,5 552.006180284911,137.463503412575,5 555.344213127672,133.988015380665,5 558.631369824809,130.549459076762,5 561.788145289685,127.239428646799,5 564.744983579581,124.141011160717,5 567.519672608042,121.228227372722,5 570.163958190088,118.429228252401,5 572.35450770235,115.863575071845,5 574.74942472938,113.191122912097,5)"
        color="rgba(218,45,191,1)"/>
      <edge
        id="92"
        startvertex="97"
        endvertex="86"
        curve="xywdense(5 333.918111216201,367.601160133553,5 335.847979101185,365.573162895685,5 337.992880154162,363.319210527243,5 339.758188773049,361.46425014546,5 341.528499278634,359.604082007889,5 343.311937775511,357.73013746751,5 345.182270324739,355.764965863271,5 347.086019897755,353.764744219844,5 349.011564218317,351.741690707408,5 350.939755926061,349.715931983149,5 352.884301872525,347.673067402461,5 354.852457433843,345.605476108168,5 356.844429675851,343.512945395167,5 358.863352984635,341.392186846965,5 360.907700775576,339.24480674056,5 362.975932250497,337.072427880912,5 365.071224436166,334.87171226765,5 367.199127485391,332.636824969781,5 369.350981221879,330.376879584133,5 371.520637143923,328.098348081719,5 373.706110380552,325.803320408993,5 375.904986201574,323.494337125945,5 378.112405682939,321.176518362983,5 380.325467380973,318.852921405469,5 382.535884124326,316.532275348537,5 384.730718397409,314.228208037255,5 386.921019789199,311.929080507189,5 389.113032995925,309.628314872484,5 391.308235180279,307.324355742467,5 393.288984809391,305.245599418302,5)"
        color="rgba(255,0,28,1)"/>
      <edge
        id="88"
        startvertex="57"
        endvertex="97"
        curve="xywdense(5 324.737051903985,377.715667664028,5 326.782351595862,376.225260663508,5 329.157394682718,374.339767804253,5 331.801921599168,371.183927960268,5 333.918111216201,367.601160133553,5)"
        color="rgba(0,0,0,1)"/>
      <edge
        id="79"
        startvertex="77"
        endvertex="86"
        curve="xywdense(5 574.74942472938,113.191122912097,5 574.157215197453,115.623770940168,5 573.442823228684,118.5049984688,5 572.465363733946,123.19367556043,5 572.324635043736,127.294221505805,5 572.227460316228,131.030608484207,5 571.803686912011,134.430976348185,5 571.158494332849,137.693722811976,5 570.42415874624,141.009115281666,5 569.653844833439,144.474052565394,5 568.955984459622,147.980035117022,5 568.268744948282,151.507584034702,5 567.599061658272,155.056882891621,5 566.889699396348,158.592556496614,5 566.154829712335,162.097633060828,5 565.443338439515,165.597823161265,5 564.750447792444,169.081789952577,5 564.083043859163,172.516938919523,5 563.414967837654,175.888955053489,5 562.569693561444,179.228403672295,5 561.477286973417,182.572048233543,5 560.239147429235,185.914703636404,5 559.024638956109,189.246483798081,5 557.979607530714,192.549824483461,5 556.998889356921,195.802953389842,5 555.919511076342,199.02830431472,5 554.733889688491,202.277480466209,5 553.506901396466,205.550572260193,5 552.267470499916,208.833897056441,5 551.009993713359,212.133190996918,5 549.729596769689,215.456886924375,5 548.43231087154,218.78785387024,5 547.170925646025,222.094134492155,5 545.915448773594,225.364474153927,5 544.50753035346,228.604600333806,5 542.82476095922,231.844167336028,5 541.034008115898,235.108833474038,5 539.292388302695,238.381091295419,5 537.572913283238,241.637005846928,5 535.892683999626,244.869687466288,5 534.252336955624,248.094791682577,5 532.583261285747,251.316059075714,5 530.800979497082,254.525079315876,5 529.0610454791,257.742271309565,5 527.38760429329,260.982377624086,5 525.571188563312,264.22624469483,5 523.706911356589,267.498730689384,5 522.08039941196,270.825696198906,5 520.758278009974,274.180256412304,5 519.73236921601,277.528496254081,5 518.798610665424,280.873813587516,5 517.74891666491,284.234637039139,5 516.591925369488,287.635787190514,5 515.450437536228,291.072148884064,5 514.289137551201,294.512035246666,5 513.234132907816,297.977484434778,5 512.466400999414,301.483240153654,5 511.898179133754,304.988932098206,5 511.475227632762,308.461631761614,5 511.135614841944,311.926583255173,5 510.715053018547,315.39720196939,5 509.94215329701,318.867868722544,5 508.905920388694,322.41514189207,5 507.748607867035,326.07411166286,5 506.503726923868,329.718742188066,5 505.320525683055,332.984439418332,5 504.174582322592,335.715095906516,5 502.335832810075,338.617907914977,5 500.241481789404,341.596873987205,5 497.050851436676,344.936830082335,5 493.713121408026,347.281976934728,5 490.204161821919,348.448697981893,5 486.566464922408,348.914051827112,5 482.784882062889,348.765619905774,5 478.84583757807,347.887332614264,5 475.197442785133,346.670994140338,5 471.709619742066,345.665365056071,5 468.006790704039,344.43529115501,5 464.599984422574,343.311509240472,5 460.660584647661,341.718789440228,5 456.307698315836,339.522831938687,5 454.080984213363,338.194281702522,5 451.736555595314,336.721098644582,5 449.162735093804,335.059923698815,5 446.44155793527,333.368211169882,5 443.614979377789,331.843881892478,5 440.69203431438,330.322018722002,5 437.701577817741,328.695381508167,5 434.625649311449,326.989012865818,5 431.238541154833,325.055642405441,5 428.192355948185,323.304966864308,5 424.853329791498,321.433528667513,5 421.483167691444,319.630867246106,5 418.068026321401,317.734733684301,5 414.646790392208,315.785554270548,5 411.229089089375,314.012415183998,5 407.835296125715,312.561951354482,5 404.448399692663,311.137206596462,5 401.085636847995,309.569898520168,5 397.70388528458,307.738036161142,5 395.285075573556,306.377326185999,5 393.288984809391,305.245599418302,5)"
        color="rgba(0,0,0,1)"/>
      <vertex
        id="77"
        position="574.749 113.191"
        color="rgba(0,0,0,1)"/>
      <vertex
        id="86"
        position="393.289 305.246"
        color="rgba(0,0,0,1)"/>
      <edge
        id="91"
        startvertex="57"
        endvertex="97"
        curve="xywdense(5 324.737051903985,377.715667664028,5 326.611588706756,375.650461846047,5 328.831833826279,373.204403116596,5 331.597500360357,370.157579824852,5 333.918111216201,367.601160133553,5)"
        color="rgba(218,45,191,1)"/>
      <vertex
        id="57"
        position="324.737 377.716"
        color="rgba(0,0,0,1)"/>
      <vertex
        id="97"
        position="333.918 367.601"
        color="rgba(0,0,0,1)"/>
      <edge
        id="103"
        startvertex="100"
        endvertex="102"
        curve="xywdense(5 120.034341348915,308.096550524676,5 120.06993404243,310.391778916011,5 120.109114499431,313.309027502544,5 120.137816607331,318.285189064138,5 120.132505974837,320.914098334502,5 120.100942700549,323.817105285679,5 120.027162402725,327.092821995474,5 119.945582115597,330.316386943595,5 119.772197305947,334.769704777607,5)"
        color="rgba(255,96,0,1)"/>
      <edge
        id="105"
        startvertex="100"
        endvertex="104"
        curve="xywdense(5 120.034341348915,308.096550524676,5 122.950527127573,308.132874686723,5 126.473411025511,308.177816414065,5 129.341218336819,308.217791256757,5 132.028932416326,308.258159885667,5 134.986028218513,308.334977591063,5 138.031165448466,308.42070918179,5 141.423230923637,308.532376688242,5 143.962879272886,308.556140181379,5 146.673563691048,308.557206565001,5 149.066791812784,308.555302511981,5)"
        color="rgba(255,96,0,1)"/>
      <vertex
        id="100"
        position="120.034 308.097"
        color="rgba(0,0,0,1)"/>
      <vertex
        id="102"
        position="119.772 334.77"
        color="rgba(0,0,0,1)"/>
      <vertex
        id="104"
        position="149.067 308.555"
        color="rgba(0,0,0,1)"/>
      <face
        id="113"
        frame="1"
        cycles="[135+]"
        color="rgba(255,254,81,1)"/>
      <edge
        id="135"
        frame="1"
        startvertex="121"
        endvertex="121"
        curve="xywdense(5 574.74942472938,113.191122912097,5 572.170400294472,113.286874855835,5 569.177227735566,113.388650903181,5 565.858525204098,113.496265817914,5 562.608177694648,113.593998860287,5 560.021214182007,113.67373664626,5 557.497472498635,113.745822424885,5 554.927626571474,113.812760233798,5 551.967945746816,113.891006722718,5 548.870397508732,113.964102354886,5 545.109407941674,114.050914536755,5 541.822201842193,114.127287190598,5 538.577190218217,114.193446012691,5 535.146889160546,114.265545736547,5 531.874069232774,114.327206747373,5 528.609892739006,114.376315858802,5 525.241135207626,114.420321067786,5 521.889162503865,114.451232408424,5 518.527307108082,114.479347726704,5 515.176843487629,114.495149278966,5 511.665373469461,114.511046820845,5 508.239281592456,114.530036651941,5 504.830019127595,114.5373052625,5 501.443806400659,114.544125009294,5 498.081120936096,114.547442776396,5 494.753790148525,114.552556163716,5 491.433941605259,114.545950269358,5 488.121800736823,114.537392404877,5 484.825994010711,114.524006113247,5 481.561212279644,114.509844829941,5 478.309387827356,114.484687454222,5 475.107846845519,114.463804929879,5 470.596018824776,114.443299988318,5 467.915944335594,114.426409107788,5 465.381318390148,114.406827279305,5 462.7999973185,114.380868323437,5 459.742618988115,114.360369623984,5 456.839596648787,114.345389507755,5 453.92313357558,114.319993671463,5 450.750782963293,114.277574247912,5 447.615560524182,114.214208657591,5 444.477361887028,114.133384281737,5 441.271867502611,114.027109905939,5 438.075083508529,113.90554897454,5 434.731564796946,113.769491206477,5 431.640383172803,113.64625903449,5 428.214011814742,113.511450868661,5 425.343251382579,113.424468440756,5 422.182583328506,113.331320306921,5 419.302559735607,113.260965122193,5 416.43244055645,113.182776336526,5 413.34326157982,113.087596583829,5 410.474716910522,112.988715593408,5 407.617775130497,112.878920588454,5 404.613395979341,112.758284170442,5 401.608355638596,112.636412650649,5 398.608405636849,112.513907561447,5 395.628830830529,112.39401695001,5 392.66179206687,112.275734350772,5 389.707488682551,112.163894644567,5 386.757123321686,112.043982031815,5 383.812314605577,111.930732562571,5 380.877615405482,111.819726642178,5 377.950233714946,111.709972631284,5 375.053757187002,111.606354194234,5 372.237988004744,111.521985338512,5 369.421184574091,111.433102216705,5 366.508035680761,111.355057962671,5 363.729229659358,111.271199874449,5 360.945545636117,111.171229997381,5 357.985246163044,111.023243970178,5 355.019663105202,110.854472104695,5 351.98655379222,110.647418676275,5 348.966410792038,110.428198014097,5 345.831781277473,110.204890195297,5 342.783000464162,110.015515776001,5 339.754773821228,109.822831555946,5 336.774220921759,109.646808737157,5 333.838211014541,109.482917241923,5 330.967739364771,109.341718261653,5 328.11745345207,109.198343734942,5 325.333572127294,109.082447389731,5 322.577647547142,108.976466302043,5 319.832019543254,108.878152982258,5 317.080888349567,108.769318703178,5 314.272315515205,108.638724286306,5 311.471330686957,108.51074903795,5 308.750542802397,108.423150855484,5 306.032945774441,108.348839682308,5 303.253425774147,108.329083971969,5 300.583290003676,108.30140411029,5 297.878422291594,108.189708714378,5 295.040956152971,107.975510932368,5 291.840380816714,107.716854658755,5 288.44299409822,107.374453225937,5 284.23830799383,106.946928282724,5 279.505290412844,106.690990402211,5 275.34315097353,106.673491788319,5 271.386517035144,106.744364082256,5 267.268797527482,106.755830307,5 262.996386249072,106.735581529334,5 258.795376465855,106.801465021386,5 254.632129342564,106.929764685242,5 250.700901880323,107.228636659933,5 247.139358273443,107.693280906489,5 243.812818237302,108.230950578121,5 240.690415302358,108.82773625704,5 237.67682994676,109.469719387154,5 234.517019404951,110.072215435266,5 230.770969858334,110.45395546618,5 226.519982570838,110.694341915312,5 222.001930801179,110.937773474851,5 217.383168651016,111.198923750827,5 213.180310418159,111.478143499511,5 209.442762299395,111.678496460876,5 206.869796836698,111.61060302447,5 204.243395502885,111.51883848649,5 201.61142435838,111.425362249515,5 198.993900410137,111.343775221151,5 195.443175126915,111.1763705299,5 192.029185624332,110.992765590485,5 188.662999448384,110.842506943787,5 185.292862310662,110.637001908384,5 182.501362167314,110.324098500725,5 179.397650588968,109.902667188185,5 176.301048283753,109.372496364234,5 173.529821971262,108.828938913734,5 170.237618191363,107.987511181147,5 166.961672809528,107.069542582384,5 164.047398691223,106.168999880155,5 161.140593476768,105.268106335197,5 157.924399325729,104.347330994607,5 154.873330803907,103.571959248195,5 150.268357900542,102.8328877118,5 145.60072482841,102.457361803809,5 141.646785012316,102.581359688918,5 138.313301802898,103.014837702677,5 133.945096375154,104.32552347001,5 130.841564411177,105.760970412662,5 127.836772116248,107.25039087156,5 124.616215082109,108.955177510487,5 121.542247812892,110.654930610017,5 119.116166627741,112.047986488881,5 116.887348811816,113.362823181054,5 112.65250473492,115.980989612618,5 110.439055251748,117.429314000926,5 106.461004341698,120.111279334089,5 103.124879288548,122.350090408197,5 100.30100659906,124.319646751108,5 97.374805082533,126.532879386588,5 95.4373624653963,128.231246056917,5 93.5660727992838,130.09369468296,5 90.1728808649465,132.672756724139,5 87.1276590380104,135.439211964564,5 84.2942182631107,137.651522028814,5 81.3688127011419,140.488471442511,5 80.545674971023,143.183902202922,5 77.5884016214404,145.510066040247,5 75.8852375191638,148.748396974676,5 75.0039353370329,151.205024346755,5 74.232104877658,153.565108695417,5 73.4047145574292,156.031095442501,5 73.0796347067709,158.559685826819,5 72.1889176844677,162.298539318563,5 71.4719490192985,165.879227009563,5 70.9155195631746,169.902057160761,5 70.6521375071277,173.381434614318,5 70.5664749502748,176.978862213928,5 70.6773873958473,180.213906061528,5 71.0059833962914,183.397045742851,5 71.5117370458853,186.434399026011,5 72.1730937650213,189.404972881605,5 72.9243255421232,192.190926483793,5 73.7482250096646,194.886628006574,5 74.7235066278912,197.554714839104,5 76.6015466244326,201.931332036765,5 77.2291010645176,204.827728499087,5 77.6072369824602,207.358207411165,5 77.9520431113288,210.375271561767,5 78.701972952082,213.489986350624,5 78.9105070894755,216.451882145097,5 78.4797689831173,221.173551233285,5 79.7785815309822,225.863431321409,5 81.3330556281411,229.297050354165,5 82.5021247053189,231.535035032621,5 83.6857222815596,233.888326957166,5 85.3564243712215,238.244403958632,5 86.6202362115059,241.499322805137,5 87.9051006795022,244.794932032283,5 89.8227186465371,249.393406128023,5 91.2808005539926,252.676079288905,5 92.8621114966971,256.129348265089,5 94.2539629589129,259.076995135325,5 94.7320815962924,261.891059615535,5 94.6949896272322,264.40562536885,5 97.1254790479198,266.839582787554,5 97.5477962989204,270.219924886421,5 98.7327243752817,273.615105575912,5 102.184461716616,276.167771719609,5 105.317671025929,278.836180476543,5 105.58029938711,282.448121536291,5 106.606269086542,285.723798267008,5 108.006853419183,287.934653319234,5 109.771669661928,290.991793044366,5 111.536004734568,294.206515702716,5 112.932739706372,297.678034220684,5 114.501918227953,302.049226012299,5 117.712018593365,303.482152174558,5 117.898273065667,306.809177430372,5 120.034810923021,310.805942109342,5 121.228593559391,313.116807469638,5 123.204486649424,315.285928470404,5 125.645182113307,317.844979135319,5 126.968403691659,320.942653595809,5 127.946479137642,323.834385855075,5 128.88590813313,326.744162965265,5 130.056107762609,329.27566967309,5 131.178982984569,331.831703267134,5 132.52427112544,334.357187315062,5 134.017838193957,336.507430563122,5 135.475334471648,338.662474673478,5 137.119669592156,341.157705373652,5 138.698231001299,343.554205615304,5 141.209755800745,347.049161867812,5 143.149940826908,349.630278904419,5 144.757043132617,352.182948623008,5 145.767308749463,355.450326331376,5 147.31627698065,358.545449472155,5 148.679586166401,362.532086191998,5 149.867629269485,366.871527659706,5 151.158541078062,369.329405085623,5 152.457200742963,371.773812448719,5 153.939093153506,376.005493413859,5 155.190507056025,378.842658761495,5 156.500567550565,381.384331505882,5 158.451632697265,383.252071645021,5 160.51817013204,385.345411976851,5 162.274573403826,388.008439348518,5 163.406390506364,391.032234762488,5 164.657425786551,393.704107336253,5 166.094961868906,396.45662836608,5 168.269940186013,399.944634338416,5 170.5456210214,403.260561356064,5 173.203328278806,406.880442505864,5 176.174664777198,410.673340165939,5 177.917879482706,412.799349026762,5 179.555559472538,414.759720816469,5 181.68261824553,417.227521907617,5 183.677400914694,419.561815248751,5 186.173341994522,422.527494050583,5 187.810065706239,424.495548082023,5 189.461552969235,426.541346580348,5 192.211381886157,430.095036260538,5 194.566259637124,433.430174135522,5 196.539804878814,436.497080382433,5 198.325216626824,439.298001464364,5 199.977990031085,441.693556689615,5 201.767428680037,444.111885618939,5 204.510281840179,447.15937517247,5 206.973234449407,449.549702477027,5 209.165680239349,452.902017396304,5 210.663274858821,454.911121270983,5 212.224121653732,456.882668570327,5 214.922584847189,459.934530886918,5 217.538900673172,462.716204298427,5 220.011945465404,465.307160025615,5 223.21197905301,468.501682443235,5 226.029847985344,471.72422308833,5 228.367161534059,474.842640368983,5 230.177970380446,478.096612066539,5 231.876858447176,480.787427674091,5 233.610864800279,483.137579626187,5 236.731946588665,486.652607496195,5 238.653468584269,488.763392379564,5 240.477325744627,490.710772963213,5 242.675261474463,493.045551329297,5 244.597172865963,495.503184546566,5 246.356147683485,498.639082872193,5 247.876021414229,501.676402645608,5 249.358411596481,504.580532716529,5 251.06931081451,507.354218493821,5 253.186312169188,509.948466850556,5 255.564784081128,512.372355454925,5 258.01151451543,514.738745938841,5 260.367888664791,517.146224340466,5 262.600908598758,519.666519412975,5 264.724052579713,522.270852333591,5 266.709647030596,524.987923464687,5 268.552669889811,527.812317173394,5 270.126378680115,530.76702369085,5 271.589983770725,533.75416627751,5 273.111208576752,536.668599886267,5 274.765001780414,539.505349781842,5 276.419691739802,542.288544024341,5 277.983698373836,545.019829409314,5 279.581598156521,547.703011343938,5 281.142273094155,550.401535445072,5 282.539441259671,553.156544458782,5 283.874889783298,555.938507870252,5 285.175199891343,558.718638074367,5 286.538493526365,561.441104053947,5 288.080509280925,564.050376120532,5 289.808354611933,566.540486202142,5 291.536491685768,569.022808716682,5 293.150978559913,571.557152558061,5 295.061208002355,573.957621196241,5 297.185800484755,576.204718161539,5 299.258444925612,578.377265108136,5 301.290661494578,580.436825839523,5 303.286939228258,582.395252580803,5 305.238402580311,584.394465597455,5 307.072026850421,586.573854153072,5 309.014823994743,588.799344126926,5 311.200754191418,590.981792759138,5 313.298902670476,593.213997481126,5 315.320608626634,595.470521670167,5 317.424779703102,597.616290684593,5 319.625525164653,599.560665482882,5 321.78515591566,601.304952140231,5 323.787809601874,602.898814519807,5 325.87185543312,604.388422417965,5 328.055706384006,605.948599594483,5 330.174568552552,607.864216106761,5 332.354516347652,609.812048033013,5 334.381288162089,611.618049902616,5 338.10197853091,614.812906706222,5 340.189877634977,616.260368649789,5 342.569693439392,617.810204166651,5 344.879610703377,619.608750268435,5 347.238163562173,621.434108857342,5 349.581828299775,623.168131000337,5 351.768493830143,624.850056578243,5 353.922091918913,626.474162637349,5 356.150123381324,628.086094515602,5 358.568662439505,629.720259449246,5 361.012347743596,631.457889854157,5 363.63895466179,633.114035170013,5 366.567904683985,634.424857597865,5 369.901618129704,635.429877174917,5 373.314177672414,636.264399714354,5 376.714933450207,637.191767777206,5 379.996528144972,638.523624511198,5 383.115480499975,640.273435206841,5 386.251040001727,642.224780458318,5 389.453651440998,644.291710887253,5 392.717627999818,646.162618535114,5 396.039229550526,647.862140891586,5 399.380143980021,649.507561868885,5 402.668726368088,651.104637685196,5 405.905728867236,652.591748401352,5 409.141536271672,653.916773599248,5 412.46016669854,655.056108169937,5 415.916845186793,656.191423906762,5 419.565484632606,657.522300214949,5 423.315893560826,659.119831469152,5 427.087083482249,660.666292885327,5 430.94122431431,661.912957061886,5 434.884107849902,662.877314789997,5 438.873700516665,663.693905457139,5 442.867121652575,664.502102023955,5 446.826031369243,665.298457419795,5 450.718430507596,666.066065446899,5 454.539831721727,666.758528292113,5 458.200449255275,667.259941249356,5 461.781785320372,667.591816578858,5 465.325615535122,667.878816322686,5 468.854351120033,668.232271383389,5 472.498504893632,668.709236707601,5 476.316878190575,669.222676890716,5 480.148240150943,669.676663078,5 483.986007705869,670.029302086735,5 487.837250934355,670.296396484679,5 491.715753690696,670.448561298621,5 495.60138818148,670.498198145429,5 499.485585090943,670.506368952392,5 503.318278294009,670.554064790907,5 507.093440633231,670.717205798108,5 510.819397406608,671.012711632942,5 514.485729165766,671.407253975692,5 518.127334907333,671.847211486497,5 521.798888640805,672.265078446603,5 525.54839118036,672.688695140685,5 529.328343415527,673.120476991493,5 533.119921532388,673.543887055364,5 536.932738375133,673.935741127207,5 540.789521708407,674.282296765566,5 544.635006644668,674.570888090808,5 548.453364997412,674.804908716045,5 552.244745783762,674.996581343522,5 556.008199095148,675.155561788987,5 559.745754920362,675.28878105998,5 563.462132708025,675.404240189772,5 567.170838214369,675.499892285854,5 570.890705672281,675.552045244992,5 574.635078169849,675.52665116551,5 578.387350238745,675.416663494672,5 582.164428669837,675.23804109816,5 585.960089046849,675.02290277187,5 589.770926955831,674.812779486934,5 593.596704248486,674.622724605379,5 597.446124776834,674.462779992741,5 601.316201722871,674.351373926063,5 605.204049800616,674.306769981957,5 609.075636488201,674.323314871268,5 612.925705071706,674.371528930944,5 616.74757294807,674.435574559739,5 620.551931025643,674.505529827319,5 624.324682290522,674.572358030908,5 628.065236486646,674.633061612874,5 631.769364491526,674.669332136148,5 635.464524145127,674.682087935275,5 639.124962902154,674.651207552731,5 642.783190561552,674.538105912887,5 646.418695266951,674.393691008033,5 650.100299509967,674.292864150575,5 653.797924171352,674.27907652741,5 657.533180507082,674.347600350469,5 661.270823620715,674.42617107,5 665.068554343508,674.413510807195,5 668.922372842329,674.305994294861,5 672.743074249971,674.213307168097,5 676.539404243949,674.195577689339,5 680.368463798105,674.157064757768,5 684.216118190735,673.974788706569,5 687.97263101763,673.658543351195,5 691.661268558706,673.274058360875,5 695.344035671511,672.853819949704,5 699.022854463948,672.494086316989,5 702.714058996536,672.286762806975,5 706.420122429827,672.337719138015,5 710.034674563865,672.608964522986,5 713.632420851448,672.934375153616,5 717.215475785241,673.205163251951,5 720.793253611654,673.419671605571,5 724.358256717956,673.602469915935,5 728.075535013377,673.808343630772,5 731.983750522135,674.015510173231,5 735.898049628157,674.17376797083,5 739.771723012051,674.26724782597,5 743.616543426201,674.304026550095,5 747.448754181917,674.297270584747,5 751.28163390229,674.270425259095,5 755.088212611189,674.23444561027,5 758.868164112535,674.197963495987,5 762.621237429504,674.159863956444,5 766.351822118646,674.097493408589,5 770.068806725061,673.999363214687,5 773.775442090025,673.856469402426,5 777.478450172512,673.66923733533,5 781.205262635956,673.44672703851,5 784.924739249427,673.194178269949,5 788.654399982948,672.923157327412,5 792.467649766831,672.668367167058,5 796.351901394343,672.431596992135,5 800.311555662511,672.207816823935,5 804.352564477493,671.994777936614,5 808.472810699734,671.788030798278,5 812.65576695955,671.600164396015,5 816.904067952685,671.443090943239,5 821.209696251343,671.32154800545,5 825.558900170783,671.242073268112,5 829.953969572923,671.205974550862,5 834.388452571723,671.20926638217,5 838.861807586864,671.243616142394,5 843.385138156933,671.296631333018,5 847.956490212885,671.356628259282,5 852.597176288479,671.411105298481,5 857.27929872837,671.447441522752,5 862.019723655267,671.458243130553,5 866.814301206966,671.445402284354,5 871.649987519037,671.413781339665,5 876.502361034266,671.370117646764,5 881.363950070448,671.319183238877,5 886.238643003466,671.263157610864,5 891.161571009004,671.198759261748,5 896.074542930687,671.125498513262,5 900.970471429061,671.04380487461,5 905.85434855937,670.953997793471,5 910.722379574739,670.856590230436,5 915.559916573123,670.751884826215,5 920.403173184237,670.632755878372,5 925.220985825777,670.506852802564,5 930.051540188117,670.393117317686,5 934.986102398157,670.298114499712,5 937.542569970311,670.249912255248,5 940.142861650204,670.195238889488,5 942.771865605181,670.130733788265,5 945.428057241853,670.048689959494,5 948.110342770176,669.942377532095,5 950.802328479052,669.805562452667,5 953.493159385475,669.627910705889,5 956.165126689167,669.414998763699,5 958.795139943372,669.167722754392,5 961.388494248087,668.889817983247,5 963.942193660032,668.583676186281,5 966.458017017152,668.254203051386,5 968.934186678421,667.9019989753,5 972.42222423757,667.388078099082,5 976.192071683576,666.847449153039,5 980.922720439704,666.281580518363,5 985.693715546802,665.840727032849,5 990.569806233401,665.508326657775,5 995.502314379526,665.306063694651,5 1000.44477127948,665.190347606785,5 1002.95627132367,665.147585660659,5 1005.46139143207,665.108494571125,5 1010.35268496871,665.021464012686,5 1015.07440330334,664.939254862198,5 1019.68455754815,664.904953916849,5 1024.27259144938,664.842050658608,5 1028.94261889118,664.578250520327,5 1033.82091884683,664.048287319603,5 1036.35812779357,663.725388467862,5 1038.94845130135,663.385311689789,5 1041.58179478877,663.043276668405,5 1044.25162618748,662.717696510811,5 1046.95225404785,662.427607796213,5 1049.67098440922,662.185933414939,5 1052.39344090576,662.021142314603,5 1055.11883514919,661.9048400549,5 1057.83963025936,661.825120650541,5 1060.56168328547,661.760921350282,5 1063.28826868702,661.685694635217,5 1066.01963942289,661.60422020731,5 1068.75961087323,661.508101447557,5 1071.50078897249,661.410422863198,5 1074.23917981502,661.321891915704,5 1076.96833092076,661.240872530282,5 1079.67999033456,661.169752295488,5 1082.37546206119,661.106614851039,5 1085.05430456278,661.046749047934,5 1087.71258868345,660.995893777946,5 1090.35448724444,660.962546705777,5 1092.98123187732,660.945392328053,5 1095.58586707664,660.951478098627,5 1098.17012862911,660.954181273056,5 1100.72644572489,660.923665410057,5 1103.27605653786,660.876775562408,5 1105.80666782779,660.74848685964,5 1108.32820232158,660.572202516895,5 1110.84899141155,660.3497026987,5 1113.36151586111,660.11083168644,5 1115.86222603844,659.883588673517,5 1119.41572798039,659.613811273426,5 1123.257724507,659.365465680465,5 1128.0663913615,659.309677124583,5 1132.75493204034,659.455767594826,5 1137.29640291312,659.72411592836,5 1141.66819640993,660.023346135132,5 1145.80396286988,660.146709830332,5 1149.66328540397,659.704200661041,5 1153.20982326418,658.439965267497,5 1156.28142490965,656.365567014794,5 1158.72852362966,653.707242607662,5 1160.81364666417,650.927989988483,5 1162.81767024171,648.145379066217,5 1164.75824328523,645.435699593503,5 1166.65698408782,642.87154073104,5 1168.37511142161,640.333856901541,5 1169.98661741936,637.836125106931,5 1171.5428168166,635.406234160016,5 1173.00985759434,632.941419309925,5 1174.46569067443,630.493166810717,5 1175.87247068436,627.982366345743,5 1177.12270844515,625.307066674864,5 1178.26379511602,622.513363178075,5 1179.21368202173,619.609130189296,5 1180.08498381028,616.725418854785,5 1181.01690707188,613.96592421691,5 1181.94370071882,611.248214135198,5 1182.83412180783,608.545836563118,5 1183.72834075483,605.846450354906,5 1184.5839045818,603.070857642276,5 1185.41552547495,600.166228629971,5 1186.25577260726,597.146994325106,5 1187.17269989492,594.055268883369,5 1188.19258595437,590.928412403051,5 1189.24799047416,587.781225085407,5 1190.2718614958,584.655639835181,5 1191.29902957086,581.531038098728,5 1192.36426384294,578.451334556092,5 1193.52803708203,575.440537568492,5 1194.74193228295,572.342259465006,5 1195.98538152132,569.101895349059,5 1197.18300151133,565.873299958687,5 1198.23207200661,562.639560827013,5 1199.10636161911,559.352859337651,5 1199.83213095904,556.037830075483,5 1200.3337824093,552.659305923794,5 1200.61667405065,549.251307180733,5 1200.80353001215,545.841937720236,5 1200.99922121059,542.478759307961,5 1201.21749334167,539.140038432915,5 1201.377687231,535.752348858197,5 1201.61988850422,532.283358580626,5 1202.14418456661,528.782255355759,5 1202.78716876518,525.188889007946,5 1203.38917398403,521.670553629777,5 1203.87640384504,518.427153644384,5 1204.34469055837,515.444339128024,5 1204.92207408724,512.436985825015,5 1205.44585194913,509.217308507696,5 1205.67022415777,505.784266107539,5 1205.80632179377,502.38667996315,5 1205.95739785867,499.059167173533,5 1205.97570524428,495.588174235499,5 1206.08022911748,491.971618713627,5 1206.40686302913,488.3417473468,5 1206.87209167794,484.78659833807,5 1207.36692231581,481.297042740826,5 1207.81316239378,477.83798166651,5 1208.12212677401,474.453811390526,5 1208.305696952,471.053121539234,5 1208.43921938531,467.529309844636,5 1208.53577442143,463.848025137747,5 1208.59195280058,460.103947099868,5 1208.75578192221,456.449248813114,5 1209.12476905737,452.890395194585,5 1209.63532606031,449.462529914266,5 1210.14897261116,446.12722602434,5 1210.57896484783,442.766442749529,5 1211.09096834377,439.428666747275,5 1211.53572523118,436.096710321381,5 1211.85195539044,432.763397769417,5 1212.14971339994,429.418468904238,5 1212.53731292396,426.120332737547,5 1213.16043262554,422.839087258728,5 1213.95367808629,419.501413243963,5 1214.66087664499,416.132191113535,5 1215.36638447923,412.932484680988,5 1216.23144188657,410.028584521237,5 1217.16065525716,407.172097547995,5 1217.98412109484,404.018674428732,5 1218.69288339299,400.508003827016,5 1219.03890917736,396.828592434065,5 1219.15379759856,393.110814940634,5 1219.22502623545,389.447277093486,5 1219.48684015432,385.887019868679,5 1219.79776521032,382.33105084656,5 1220.08693869343,378.687867490262,5 1220.49960424451,375.042604524922,5 1221.06773208498,371.420254614444,5 1221.81032426025,367.815649637272,5 1222.53050024302,364.19426329636,5 1223.20690263643,360.55978085711,5 1223.94767626835,356.904785540112,5 1224.63681634911,353.188284659974,5 1225.13916778838,349.418239281127,5 1225.43825599606,345.623544289211,5 1225.52690465028,341.833784614591,5 1225.46018513056,338.06518969095,5 1225.46243031237,334.293561627074,5 1225.79448530993,330.515635616118,5 1226.43498263386,326.750899211182,5 1227.01395195987,322.992142591295,5 1227.31440043335,319.160189844485,5 1227.42410337248,315.281365867938,5 1227.51865777774,311.400165747451,5 1227.53267255164,307.493538645572,5 1227.42214450309,303.595825599559,5 1227.28197846593,299.738631106533,5 1227.15032636232,295.93502942311,5 1227.15125525263,292.129502306698,5 1227.39096028148,288.323160007477,5 1227.76199382082,284.494267035169,5 1227.89975442978,280.605900624454,5 1227.78585591077,276.685762827896,5 1227.60502729937,272.773833255685,5 1227.48336615026,268.85151442983,5 1227.35050401916,264.912431083824,5 1227.24048252973,260.999443134185,5 1227.13781009295,257.1083053308,5 1227.04450903699,253.215115677241,5 1226.91330493433,249.314347160832,5 1226.77714532268,245.425175990145,5 1226.61380273224,241.58204075799,5 1226.47867691904,237.769288566036,5 1226.54983982558,233.95268199563,5 1226.87915480652,230.137947807012,5 1227.18675419331,226.29018712055,5 1227.19908840783,222.40421667749,5 1226.98205869287,218.546544826883,5 1226.8158175584,214.72977540607,5 1226.91059567252,210.902837365344,5 1227.23845010331,207.077766527564,5 1227.56692103675,203.249495758073,5 1227.76334359472,199.401539684971,5 1227.85834315995,195.564056514633,5 1227.84383516499,191.725899624702,5 1227.82402579765,187.883416322284,5 1227.97881812133,184.054507407857,5 1228.18126167181,180.225748397088,5 1228.2740474131,176.369136306441,5 1228.37239849908,172.568438511875,5 1228.40410472206,168.85009090923,5 1228.03378706414,165.164726387873,5 1227.15022437603,161.471673685591,5 1226.09568761724,157.765470685544,5 1225.11190709427,154.094137548846,5 1224.15009023645,150.535870892489,5 1223.1066355864,147.10861099486,5 1221.91959255934,143.649458612405,5 1220.5125493972,140.156582501916,5 1218.98477533095,136.763946429342,5 1217.62764177757,133.517544561577,5 1216.2992545176,130.488417942291,5 1214.8461828967,127.614784087359,5 1213.13148872717,124.812281314336,5 1211.0307224502,122.016814292958,5 1208.83042090869,119.108773413017,5 1206.68254190123,116.160112889238,5 1204.62837319686,113.315589990178,5 1202.49116729594,110.772486203272,5 1200.30462646128,108.435852840927,5 1197.96780034018,106.26680980113,5 1195.29992084951,104.265328651088,5 1192.11089088999,102.68186676979,5 1188.626725662,101.50846637435,5 1185.10201533084,100.738845045836,5 1181.68304292392,100.205644576282,5 1178.31788724037,99.7859596123357,5 1174.91691691788,99.2523647400341,5 1171.39398042198,98.5920302685562,5 1167.72405791669,98.0872409175834,5 1164.00545818883,97.7590022870753,5 1160.26135524444,97.6333065467883,5 1156.50254080221,97.6736589481576,5 1152.72572596997,97.7719876767974,5 1148.92980573025,97.8202368332942,5 1145.12155323413,97.8419815395868,5 1141.3205457289,97.8456778908741,5 1137.59435342415,97.8038287777438,5 1133.85509316921,97.8042805963389,5 1130.14586014091,97.9866329049306,5 1126.49033305572,98.3594938275503,5 1122.83484747121,98.7476341318915,5 1119.17864866495,99.1226395333763,5 1115.5319671247,99.5693157984209,5 1111.92389827254,99.9975310298716,5 1108.26362157752,100.36589093809,5 1104.64038519945,100.723828428229,5 1101.0793991541,101.261436156905,5 1097.53078533675,101.87113006678,5 1093.93744007208,102.331080192232,5 1090.31194130476,102.6545614697,5 1086.67596281541,102.884958537177,5 1083.04248293929,103.076998014978,5 1079.39130598595,103.399086873181,5 1075.68317762992,103.864192814496,5 1071.91767873986,104.350588981301,5 1068.10177435636,104.673740263844,5 1064.27707226049,104.764011051856,5 1060.45934311715,104.741944383062,5 1056.6404665258,104.691328164057,5 1052.87008595667,104.657358817533,5 1049.08810987145,104.67371413465,5 1045.36457557499,104.772082224354,5 1041.76610575161,105.010316959193,5 1038.20481173688,105.361860166829,5 1034.64341983186,105.707073481971,5 1031.10020070817,106.05805598604,5 1027.57336932154,106.35359671308,5 1023.94754834803,106.550667368936,5 1020.29983188246,106.639122748138,5 1016.63924907697,106.656481915598,5 1012.86035995618,106.631016168276,5 1009.06662850461,106.609872859219,5 1005.25614425733,106.617698245646,5 1001.41056602243,106.652034467796,5 997.558733826295,106.692488402285,5 993.721828628477,106.725297952109,5 989.897972980658,106.752761021441,5 986.10620542111,106.779563011746,5 982.35321732751,106.804316964238,5 978.612514678295,106.82736388457,5 974.915197842505,106.849306434803,5 971.254815204883,106.871474917885,5 967.605777823983,106.896162921135,5 963.944016615654,106.926291572103,5 960.30042430296,106.964073494789,5 956.673932048615,107.010265883296,5 953.044000080148,107.062215277983,5 949.365993521778,107.114474270494,5 945.663343618153,107.160993967974,5 941.927975803163,107.195779380117,5 938.190451370733,107.212987282672,5 934.442269378032,107.206611688779,5 930.67174936563,107.172778366222,5 926.882865157173,107.108339023406,5 923.074863565697,107.013474378239,5 919.259182427842,106.892083543369,5 915.434779667845,106.754065149795,5 911.600279918079,106.614996197519,5 907.765858857773,106.489107754172,5 903.939871007057,106.381267941486,5 900.125243673683,106.291441644305,5 896.333217878689,106.218201522427,5 892.567159409591,106.164209865742,5 888.825875087871,106.130798243307,5 885.104956033685,106.117004722576,5 881.400982662826,106.113563537452,5 877.711262179976,106.107152440165,5 874.035885543631,106.086397191655,5 870.365721205747,106.040679482674,5 866.695393378353,105.961343386858,5 863.026930046411,105.840952918231,5 859.34727089252,105.678110420305,5 855.636181515481,105.482485744535,5 851.915035572896,105.262408786218,5 848.183929373148,105.025146840879,5 844.461895909196,104.770841108137,5 840.743148482137,104.502657111236,5 837.022137148126,104.227263762966,5 833.303054378537,103.951947207061,5 829.5901724677,103.698530217714,5 825.877011640124,103.486830470889,5 822.154756696919,103.326120516046,5 818.431949636952,103.217303361371,5 814.703284415487,103.155632937768,5 810.978460290785,103.137023640495,5 807.246186737678,103.157501920703,5 803.516808702155,103.21270663532,5 799.804119482708,103.296285408046,5 796.103511816174,103.398786915308,5 792.412600286107,103.510030536182,5 788.721103569162,103.618366222206,5 785.026657845024,103.711921418808,5 781.326977450973,103.77741824921,5 777.608109052538,103.804941998928,5 773.891290535803,103.784641809463,5 770.17739472401,103.709236050692,5 766.473257643092,103.576373675867,5 762.77369711765,103.389834912711,5 759.069876462497,103.160794379179,5 755.364083776825,102.905254516106,5 751.647458555543,102.640080069701,5 747.931521482933,102.375615319663,5 744.209741992186,102.116353827037,5 740.474940639274,101.864653121383,5 736.720971473739,101.612892657499,5 732.957130066528,101.364683014621,5 729.18561007379,101.125385566998,5 725.412616328612,100.906978427269,5 721.636300998178,100.715954416022,5 717.854467235789,100.553827880392,5 714.073409466305,100.419019266706,5 710.361438031714,100.324713172569,5 706.786246243526,100.285052684541,5 703.338486779403,100.296945639872,5 700.020203217359,100.358152809139,5 696.831795546672,100.454080678948,5 693.763610492318,100.572823491604,5 690.798917999457,100.698688919449,5 687.905646129853,100.818933256639,5 685.075028049424,100.941867284178,5 682.299361955924,101.075120355371,5 679.579653937951,101.224993900508,5 676.909122153273,101.398666550242,5 674.289942276145,101.610033071453,5 671.681425020578,101.831404473681,5 669.096193964652,102.085115151842,5 666.52500430643,102.353867245233,5 663.963466710886,102.628628058583,5 661.40963670702,102.90692959436,5 658.86066672935,103.182772983908,5 656.314876424391,103.457716882251,5 653.764414515816,103.730236524949,5 651.224946207545,104.003583305438,5 648.704884885508,104.287463759769,5 645.199359570879,104.639401404785,5 641.394695820843,105.024009002717,5 636.48152697417,105.569249559738,5 633.734418129541,106.226274403924,5 631.201515563997,106.92789459026,5 628.683820615814,107.617619940615,5 626.05837878744,108.1795115225,5 623.403435397591,108.485250470293,5 620.734481468895,108.645054379832,5 618.027390814402,108.820521539537,5 615.266693124935,109.048795434841,5 612.460051219688,109.275062236421,5 609.620916132551,109.485474686168,5 606.750131221473,109.689859162402,5 603.835255662511,109.889552418665,5 600.875976139268,110.085545597843,5 597.874375115764,110.288262151722,5 594.840420111354,110.464157703291,5 591.799135760971,110.581874112128,5 588.721192651568,110.756062939909,5 585.574952504025,111.156109910768,5 582.443490722401,111.666725148893,5 579.464725550041,112.043578451359,5 574.74942472938,113.191122912097,5)"
        color="rgba(0,0,0,1)"/>
      <vertex
        id="121"
        frame="1"
        position="574.749 113.191"
        color="rgba(0,0,0,1)"/>
    </objects>
  </layer>
</vec>
