<?xml version="1.0" encoding="UTF-8"?>
<!-- Created with VPaint (http://www.vpaint.org) -->

<vec
  version="1.6">
  <playback
    framerange="0 47"
    fps="24"
    subframeinbetweening="off"
    playmode="normal"/>
  <canvas
    position="0 0"
    size="1280 720"/>
  <layer>
    <background
      color="rgba(255,255,255,1)"
      image=""
      position="0 0"
      size="cover"
      repeat="norepeat"
      opacity="1"
      hold="yes"/>
    <objects>
      <face
        id="36"
        frame="1"
        cycles="[18+ 14+ 22+]"
        color="rgba(255,250,89,1)"/>
      <edge
        id="14"
        frame="1"
        startvertex="1"
        endvertex="13"
        curve="xywdense(5 187.393827675278,115.484044032911,5 187.559479914762,118.035874140186,5 187.752058788834,121.005188041793,5 187.967471870515,124.34505840398,5 188.190218309003,127.928770339516,5 188.41456608042,131.574930796413,5 188.642789755718,135.414389107904,5 188.869595594951,139.233906995093,5 189.103995784176,143.145626357251,5 189.343863480208,147.057320898308,5 189.58894909757,150.969298588972,5 189.8402908949,154.881930047194,5 190.097436305697,158.794442071692,5 190.360934489586,162.705949088219,5 190.628817810004,166.617157557241,5 190.900242382817,170.528478437656,5 191.172374504853,174.439891992898,5 191.445917635695,178.351840769811,5 191.719240980392,182.263642667843,5 191.990775559514,186.174625488212,5 192.261039767264,190.085202767601,5 192.546617717773,194.239896669805,5 192.806608881425,198.043333697061,5 193.063922800589,201.816217395855,5 193.328083000661,205.726485065371,5 193.589871731256,209.636020407425,5 193.848633509103,213.545069405875,5 194.103693476771,217.453634458552,5 194.354761073715,221.361960768259,5 194.601325303648,225.270356948454,5 194.843375758536,229.178640760547,5 195.08080999969,233.086923599147,5 195.313394389604,236.994635433987,5 195.541051991871,240.901124757058,5 195.763212049886,244.806750575488,5 195.979154617283,248.711641666643,5 196.189255029582,252.61584558607,5 196.393510708705,256.519676216408,5 196.592334434423,260.422461546759,5 196.792869766526,264.473943882905,5 197.01105445659,269.020277724996,5 197.230091778177,273.611877169731,5 197.437446604666,278.025481487552,5)"
        color="rgba(0,0,0,1)"/>
      <edge
        id="18"
        frame="1"
        startvertex="16"
        endvertex="1"
        curve="xywdense(5 1168.90394718412,286.419694615535,5 1169.17197890938,282.706809413311,5 1169.47753906393,278.806855578515,5 1169.80843810767,274.904753418693,5 1170.16005920339,271.005465892339,5 1170.52760438496,267.107207705208,5 1170.90880831387,263.20784555794,5 1171.30342944633,259.305607129888,5 1171.71343959686,255.397159276201,5 1172.13841314408,251.489703610381,5 1172.57584497224,247.581491570983,5 1173.02468820485,243.669432211873,5 1173.48491992201,239.750730180823,5 1173.95688732895,235.822831870177,5 1174.4397275336,231.888188649652,5 1174.9315303908,227.950747662052,5 1175.43164302891,224.007294404025,5 1175.93879874797,220.055593193375,5 1176.45033457077,216.092374452305,5 1176.95992016832,212.127628527903,5 1177.44553329749,208.157326845431,5 1177.88086456111,204.174158687277,5 1178.2633241076,200.175861198182,5 1178.588902689,196.173024572971,5 1178.8434703428,192.164064277716,5 1179.01034389743,188.145519302441,5 1179.07315527898,184.127878479074,5 1179.03429629299,180.110352297842,5 1178.8942749668,176.081862215836,5 1178.64937768246,172.049701403535,5 1178.27038458806,168.008820837797,5 1177.74730902101,163.947602330235,5 1177.08628837192,159.87251425155,5 1176.28616286529,155.777418293604,5 1175.36328999989,151.650383010803,5 1174.31867893054,147.497984814384,5 1173.18855998958,143.317413239093,5 1172.02840554714,139.147808661319,5 1170.89249056077,135.035390493301,5 1169.79272479574,131.046683524326,5 1168.6712839917,127.251529814331,5 1167.35127672485,123.761772893043,5 1165.45682152462,120.751001147782,5 1162.46474850095,118.302314487645,5 1158.392657732,116.479995348571,5 1153.87092704907,115.521993894428,5 1149.4024482997,115.108066679524,5 1145.13270157789,115.210593722064,5 1140.96444591087,115.632418359876,5 1136.87826220955,116.236073747275,5 1132.85177245694,116.927891229054,5 1128.86187101153,117.641234565428,5 1124.89036687187,118.332384947689,5 1120.92832208756,118.982458155332,5 1116.98437300282,119.600956116959,5 1113.06196983053,120.231915390592,5 1109.14946902995,120.846626659585,5 1105.23223744823,121.431699293144,5 1101.30831928499,121.984405581757,5 1097.37724757362,122.505374965573,5 1093.43984749087,122.998716648038,5 1089.49789037046,123.472016587371,5 1085.5534347652,123.935763362228,5 1081.60770692583,124.401469816862,5 1077.65960160755,124.877158787463,5 1073.70588035866,125.358710214423,5 1069.73862424648,125.817853668437,5 1065.75653144563,126.24297878198,5 1061.75800320031,126.634017669649,5 1057.74318042079,126.99234344319,5 1053.71261792575,127.320580791574,5 1049.66720747315,127.622631506604,5 1045.60804279189,127.903586168009,5 1041.53620185654,128.169412792422,5 1037.45243492054,128.426242825345,5 1033.3568060031,128.678969198569,5 1029.2485148768,128.928759167842,5 1025.12650627162,129.169135708037,5 1020.98982315238,129.388874969221,5 1016.83748985742,129.587986441375,5 1012.66962691207,129.768592978133,5 1008.48648160608,129.9333975489,5 1004.28837973858,130.085625298313,5 1000.07566068803,130.22890410091,5 995.848594651435,130.367049212553,5 991.607287559993,130.503704439292,5 987.351594373027,130.641776722846,5 983.081092191519,130.782588056649,5 978.795686891625,130.924860503695,5 974.494050423546,131.062580764719,5 970.181036423586,131.19363190394,5 965.857249379691,131.319314109894,5 961.522969000258,131.441079720322,5 957.17854201295,131.560536515585,5 952.824354425638,131.679332630041,5 948.460808340398,131.799033510959,5 944.088310935745,131.92104090664,5 939.707257043763,132.046453140774,5 935.318013392653,132.175889399948,5 930.920906890581,132.309270220361,5 926.516271899233,132.445562060111,5 922.104543084003,132.582826170405,5 917.686770857271,132.720692182945,5 913.26296009041,132.859598393347,5 908.833133022401,132.999953376863,5 904.397313917149,133.142119944565,5 899.955526654336,133.2864055193,5 895.507792638447,133.433051939253,5 891.05412909159,133.582224651129,5 886.594547806946,133.734001334072,5 882.129054450933,133.888360093879,5 877.657799620015,134.04516492798,5 873.180346787507,134.204166973815,5 868.698739619447,134.365148560158,5 864.213896132565,134.528267541912,5 859.725928416534,134.693629678911,5 855.234928585161,134.861213844534,5 850.740972656281,135.030883435762,5 846.244124491834,135.202398116971,5 841.744439836249,135.375425962606,5 837.241970503838,135.549556127456,5 832.736768774185,135.724312223868,5 828.228892057995,135.899166621217,5 823.718449844403,136.073554293315,5 819.205474854441,136.246920738401,5 814.690624061226,136.41903223993,5 810.174002201196,136.589802038644,5 805.655648257311,136.758990881099,5 801.135572951017,136.926236786432,5 796.613765006133,137.091071035739,5 792.09020050131,137.252946624778,5 787.564850861681,137.411262875384,5 783.037690522329,137.56538969374,5 778.508704387108,137.714691679958,5 773.977895212582,137.858552320785,5 769.445298166573,137.996398136764,5 764.911519742704,138.127704836992,5 760.380976350766,138.2527160281,5 755.857576417018,138.371810616919,5 751.341622828276,138.484705593241,5 746.833408869,138.591050335072,5 742.333228165035,138.690454060548,5 737.841382607458,138.782511838106,5 733.358189460222,138.866829480016,5 728.883987783654,138.943047530511,5 724.419144304848,139.010864587136,5 719.964162811856,139.070054883911,5 715.519232657892,139.120512885839,5 711.086340640056,139.162039746927,5 706.666268085674,139.194363509962,5 702.259446185587,139.21725817862,5 697.8813528023,139.643528466025,5 693.559527599147,141.216862122319,5 689.28910113141,143.788834133493,5 687.171448710666,145.397424265549,5 685.06467075381,147.19546343392,5 682.968117569748,149.16310259467,5 680.881239997179,151.283027735617,5 678.803438889726,153.536664854553,5 676.734214511525,155.907944877626,5 674.673016441904,158.379555769999,5 672.619397588919,160.936652412419,5 670.572852520962,163.563166984055,5 668.533005836355,166.24545555481,5 666.499396996954,168.968743439732,5 664.471775980555,171.72035508255,5 662.44987879195,174.486487573097,5 660.433286812005,177.255748288099,5 658.42159986992,180.015551498976,5 656.414498625481,182.75567361147,5 654.411620924335,185.46472818052,5 652.412695038095,188.133618029952,5 650.417408607921,190.752115667759,5 648.425521370819,193.312225596377,5 646.437007378543,195.804731117543,5 644.450911328016,198.223068341353,5 642.466394882458,200.559629018772,5 640.483081194723,202.808329528922,5 638.500307033195,204.962337312994,5 636.518093214504,207.016290935749,5 634.536275271897,208.964002314128,5 632.554745823915,210.801118832785,5 630.573359302378,212.522402320865,5 628.592065800696,214.124321361836,5 624.629462568938,216.954233681991,5 620.653586599557,219.270434919562,5 616.658844088764,221.05071305292,5 612.644472242011,222.275783023618,5 608.609917649572,222.9320395609,5 604.554832687851,223.01154262115,5 600.479071665534,222.511999302538,5 596.382686749083,221.436740988176,5 592.266016380128,219.79474215651,5 588.129362341436,217.600421294899,5 583.974927082689,214.875016148477,5 581.891371261159,213.321229874163,5 579.803761933824,211.645461380876,5 577.712216186224,209.851422969876,5 575.61689862864,207.944198482674,5 573.517950323268,205.928188801371,5 571.415558999896,203.809155105462,5 569.309889274847,201.5921811238,5 567.201151550708,199.283700090406,5 565.08953203794,196.889470964943,5 562.975267929238,194.416600299329,5 560.858574524669,191.871527843889,5 558.739703712575,189.26201296307,5 556.618852491066,186.595087203668,5 554.496400830908,183.879373768959,5 552.372704773093,181.122762784673,5 550.248033105047,178.33448503024,5 548.122669845467,175.523100918411,5 545.996925341524,172.698511674952,5 543.871091702039,169.869943689483,5 541.745507660749,167.047981883192,5 539.620488642224,164.242528949894,5 537.496396682786,161.464857961329,5 535.373570487313,158.725552687743,5 533.252395474715,156.036583727428,5 531.133233634383,153.40922283091,5 529.016493959755,150.856150311733,5 526.902554065788,148.389327161593,5 524.791870077324,146.022183096562,5 522.684850263767,143.767402995142,5 520.582015806384,141.639182361747,5 518.483688224303,139.650832472914,5 516.390874773354,137.817690890783,5 514.304572623976,136.154406664786,5 512.225133551466,134.676356609586,5 508.088897133384,132.336738505001,5 503.986408303543,130.926099742996,5 499.918337928728,130.473294785761,5 495.85626083081,130.206918938729,5 491.793103575832,129.942692678204,5 487.72849374778,129.680637769838,5 483.662087794697,129.420716167335,5 479.594339442425,129.162939595001,5 475.526806501359,128.907219352925,5 471.459160727735,128.653133972641,5 467.39108375178,128.400342706029,5 463.322276898555,128.148588918773,5 459.252458740923,127.897697757191,5 455.181362916115,127.647576729663,5 451.108756869117,127.398217133786,5 447.03433692857,127.14969193258,5 442.959065354809,126.902142669124,5 438.883622871079,126.655158002517,5 434.807694044395,126.408269326984,5 430.731003524647,126.161237668334,5 426.653313165017,125.914027857661,5 422.574418986305,125.666786037251,5 418.494148272361,125.419820916508,5 414.412452246096,125.173591300803,5 410.328976033947,124.928686606751,5 406.245006047573,124.68570128339,5 402.160684552187,124.444748998966,5 398.07578305248,124.205959764483,5 393.990110011569,123.969566517642,5 389.903505427261,123.735875860042,5 385.815835566814,123.505242992616,5 381.726988087908,123.278050648301,5 377.636867709997,123.054691674525,5 373.545462102438,122.835557862937,5 369.452876652667,122.621004863766,5 365.360752851977,122.411600718309,5 361.269140014356,122.208086830413,5 357.177995327093,122.010966209924,5 353.087259792242,121.820496829778,5 348.996859729706,121.636709405942,5 344.906708005516,121.459423713988,5 340.816705015764,121.288262638792,5 336.726739479384,121.122663549927,5 332.636689111059,120.961886923239,5 328.547577031035,120.804921358726,5 324.460812673468,120.653020973084,5 320.376669628928,120.507958415023,5 316.295234543778,120.370645577815,5 312.21646046519,120.241311795901,5 308.140211610419,120.119667814214,5 304.066299790816,120.005051970318,5 299.994513267858,119.896557643329,5 295.924687124429,119.79314268278,5 291.856542819635,119.693775252215,5 287.792099097937,119.599148296303,5 283.731620780332,119.508641630775,5 279.674238857446,119.420256488567,5 275.619118955028,119.331738059408,5 271.565495865694,119.240766995465,5 267.512693738267,119.145106454048,5 263.460135453239,119.042710659912,5 259.407344397344,118.931802482175,5 255.353984691428,118.810928623914,5 251.30037862174,118.678807747663,5 247.249496423913,118.535866173629,5 243.20063626029,118.384861604712,5 239.152550032507,118.227010077235,5 235.104013137709,118.062317530636,5 231.053943147514,117.89012125791,5 227.001461712726,117.709526051007,5 222.945951133256,117.51973721543,5 218.886826460632,117.320234339602,5 214.823719405015,117.11048944252,5 210.756420137513,116.890421567697,5 206.68487359561,116.660465490458,5 202.609080355471,116.421573117909,5 198.529061410837,116.175231000368,5 194.445082772008,115.923482265953,5 190.356581724722,115.668856526423,5 187.393827675278,115.484044032911,5)"
        color="rgba(0,0,0,1)"/>
      <vertex
        id="1"
        frame="1"
        position="187.394 115.484"
        color="rgba(0,0,0,1)"/>
      <face
        id="37"
        frame="1"
        cycles="[33+ 29+ 22- 25+]"
        color="rgba(255,65,53,1)"/>
      <edge
        id="22"
        frame="1"
        startvertex="13"
        endvertex="16"
        curve="xywdense(5 197.437446604666,278.025481487552,5 201.424303102289,278.559602770777,5 205.602722886051,279.10045627213,5 209.779432248215,279.622232783984,5 213.954599673651,280.12573712909,5 218.128327540005,280.612057814273,5 222.300679040122,281.082371492823,5 226.471692862507,281.537849147359,5 230.640775572879,281.979479741234,5 234.807628722891,282.408278087015,5 238.972492500231,282.825331789015,5 243.135550240349,283.231655048686,5 247.296943938098,283.628187929745,5 251.456785264494,284.015799790834,5 255.615163383045,284.395294425947,5 259.772150486428,284.767415608385,5 263.927805705035,285.132852377414,5 268.082127027522,285.492179853067,5 272.234696301479,285.845476696525,5 276.385541962539,286.193443092919,5 280.534801828356,286.5368496453,5 284.682588159086,286.876365152275,5 288.828991727937,287.212570977327,5 292.974085017435,287.54597225983,5 297.117924732013,287.877006578433,5 301.260553780331,288.206050557694,5 305.402002851125,288.533424811311,5 309.542291683072,288.859397537415,5 313.681430111298,289.184187020322,5 317.819406964619,289.507947263871,5 321.955942596431,289.830466097415,5 326.090959767355,290.151822421761,5 330.224498354034,290.472197361696,5 334.356585568041,290.791692072657,5 338.487237933628,291.110332398148,5 342.616463273643,291.428072737037,5 346.744262758907,291.744799375303,5 350.870633075292,292.060333534092,5 354.995568761711,292.374434390307,5 359.119064771016,292.686802337452,5 363.2411193041,292.997082772711,5 367.361736964682,293.304870720914,5 371.48093227795,293.609716636393,5 375.598708073663,293.911145724142,5 379.71494591493,294.208710714443,5 383.829718521623,294.501857664864,5 387.943162269785,294.790018373646,5 392.055445548786,295.072643806174,5 396.16677481278,295.349228754569,5 400.27740040867,295.619338797737,5 404.387622261066,295.882641809323,5 408.497795171007,296.138944246305,5 412.608333422229,296.388232284746,5 416.719714323476,296.630717637908,5 420.832480252818,296.866887587414,5 424.947238716555,297.097558375441,5 429.06465989994,297.323930646692,5 433.185404264199,297.547632900456,5 437.308715435214,297.769328356444,5 441.431492531845,297.987066307327,5 445.553778934658,298.200555428006,5 449.675632762839,298.409560588758,5 453.797120347157,298.613861768569,5 457.918316870962,298.813254458829,5 462.039306998461,299.007550468588,5 466.160185470286,299.19657914945,5 470.281057642025,299.38018905374,5 474.402039936801,299.558250033112,5 478.523260178199,299.730655775661,5 482.644857765236,299.897326767525,5 486.766983646907,300.058213649611,5 490.889800050474,300.21330092107,5 495.013365139309,300.362605777821,5 499.138188919048,300.506208278855,5 503.262922302476,300.644180603793,5 507.387019034333,300.776511313366,5 511.510501741146,300.903166652307,5 515.633395598917,301.024129960599,5 519.75572812495,301.139400087736,5 523.877528948042,301.248989845873,5 527.998829551515,301.35292448679,5 532.119662983321,301.451240187047,5 536.240063527382,301.543982525402,5 540.360066330342,301.631204936832,5 544.479706978172,301.712967128104,5 548.599021017509,301.789333441092,5 552.718043417318,301.860371151858,5 556.836807967551,301.926148695998,5 560.955346612852,301.986733814075,5 565.07364468713,302.042191595809,5 569.191745336893,302.09266772577,5 573.30911593731,302.138612741583,5 577.425800896431,302.180281276269,5 581.541842871685,302.217905584666,5 585.65728469386,302.251720459569,5 589.772169026445,302.281961445937,5 593.886537986904,302.308862926352,5 598.000432728598,302.332656066468,5 602.113892986306,302.353566649841,5 606.226956578455,302.371812768561,5 610.339658862595,302.387602356352,5 614.452032141272,302.401130553627,5 618.564105016231,302.412576897556,5 622.675901689918,302.422102334672,5 626.787441214442,302.429846058788,5 630.898736689696,302.43592218336,5 635.009748213831,302.440417339106,5 639.120596603684,302.443382584879,5 643.230882767655,302.444907540951,5 647.340597674202,302.445167061182,5 651.449781712266,302.444337433346,5 655.558472022529,302.44258456117,5 659.666702273362,302.440062989298,5 663.774502424971,302.436914872485,5 667.881898479532,302.433268880822,5 671.988912215501,302.42923903403,5 676.095560904656,302.424923459226,5 680.201857010879,302.420403068161,5 684.307807870189,302.41574015176,5 688.413415352119,302.410976891877,5 692.51867550311,302.406133792561,5 696.623578173363,302.401208035821,5 700.728106629323,302.39617176992,5 704.832237154865,302.390970341597,5 708.935938645184,302.385520487383,5 713.0391565064,302.379709105838,5 717.141889005659,302.373389379686,5 721.243978314921,302.366480615848,5 725.345408380645,302.359014557852,5 729.446191319382,302.351014560833,5 733.546335708415,302.342490573887,5 737.645846643148,302.333439505848,5 741.744725804354,302.323845583445,5 745.842971534858,302.313680701322,5 749.940578925462,302.302904764533,5 754.037539910285,302.291466025215,5 758.133843371911,302.279301416102,5 762.229475257048,302.266336884585,5 766.324418703639,302.252487731877,5 770.418654180583,302.23765896272,5 774.512159641443,302.221745651932,5 778.604910693715,302.204633334776,5 782.696880785345,302.186198428919,5 786.788041353135,302.166308425303,5 790.87836028507,302.144821821225,5 794.967811021545,302.121592089995,5 799.05634045515,302.096500588871,5 803.14395382133,302.069525411771,5 807.230685901711,302.040648261427,5 811.316568357325,302.009835907878,5 815.401630065763,301.977041901671,5 819.485897479599,301.942208280251,5 823.569395003794,301.905267266642,5 827.65214539022,301.866142961196,5 831.734170147732,301.824753028728,5 835.815489966464,301.781010384493,5 839.896125155273,301.734824883461,5 843.976096091369,301.686105018052,5 848.05542368129,301.634759629961,5 852.134129832389,301.580699641926,5 856.212237933973,301.523839815288,5 860.289773347105,301.464100538911,5 864.366763901941,301.401409654518,5 868.443240401145,301.335704322699,5 872.519235611221,301.266932930816,5 876.594458447302,301.195065386675,5 880.668528323045,301.120145922169,5 884.74151130129,301.042227138973,5 888.813468337322,300.961336728645,5 892.884455459382,300.877480954955,5 896.954524350815,300.790648103108,5 901.023722963981,300.700811841461,5 905.092096159728,300.607934489105,5 909.159686367,300.511970186476,5 913.226534257915,300.412867969259,5 917.292679434276,300.310574748413,5 921.358161122054,300.205038201136,5 925.42301887085,300.096209578991,5 929.487293255662,299.984046440384,5 933.551026578588,299.868515315023,5 937.61426356818,299.749594307982,5 941.677052074212,299.627275650585,5 945.739443755537,299.501568204454,5 949.801485110398,299.372499140444,5 953.863003571792,299.240189266542,5 957.923502997077,299.104783419796,5 961.983023423381,298.966222093,5 966.041604432625,298.824422218992,5 970.099280997304,298.679285958621,5 974.156084307493,298.530704478552,5 978.212042599554,298.378561453688,5 982.267181978628,298.222736294315,5 986.321527228457,298.063107103274,5 990.375102603468,297.899553372653,5 994.427932599175,297.731958432591,5 998.480042697938,297.560211667009,5 1002.53146008794,297.384210512542,5 1006.58221435377,297.203862257639,5 1010.6323381376,297.019085658982,5 1014.68186776987,296.82981239197,5 1018.73084386895,296.635988351273,5 1022.77924614959,296.437576927679,5 1026.82726182671,296.234555781011,5 1030.8738989925,296.027064688193,5 1034.91906699529,295.815265992242,5 1038.96288808397,295.599261698345,5 1043.00547070786,295.379112245536,5 1047.04691071572,295.154843394801,5 1051.08729262839,294.926452641172,5 1055.12669095061,294.693915107558,5 1059.16517149205,294.457188896716,5 1063.20279267284,294.216219893203,5 1067.23960679301,293.970946019627,5 1071.27566124953,293.721300961239,5 1075.3109996883,293.467217380038,5 1079.34566308113,293.208629644625,5 1083.37969072092,292.945476105086,5 1087.41312112992,292.677700943776,5 1091.44599287769,292.405255633107,5 1095.47831175162,292.128102595832,5 1099.50995125429,291.846211439187,5 1103.53991896662,291.55982672196,5 1107.56831836495,291.269366962389,5 1111.59529081743,290.975157474635,5 1115.6209541319,290.677433349455,5 1119.64540514435,290.37635472849,5 1123.66872241787,290.072021033702,5 1127.69096858231,289.764482562392,5 1131.71219411207,289.453756407296,5 1135.73243880883,289.139832795785,5 1139.75173446229,288.822685143913,5 1143.77010708426,288.502277908647,5 1147.78757888801,288.178573033808,5 1151.80417004429,287.85153523038,5 1155.81990020938,287.521136179985,5 1159.83476762987,287.187360042689,5 1163.84861996579,286.850060195515,5 1166.62714934236,286.613796149676,5 1168.90394718412,286.419694615535,5)"
        color="rgba(0,0,0,1)"/>
      <edge
        id="25"
        frame="1"
        startvertex="13"
        endvertex="24"
        curve="xywdense(5 197.437446604666,278.025481487552,5 197.297715559357,280.432422648049,5 197.132917490069,283.281828389985,5 196.93238129824,286.821545041497,5 196.737377849887,290.359688478033,5 196.548537248447,293.89668843898,5 196.366899988765,297.433018052742,5 196.193337759589,300.969156987365,5 196.028461919763,304.505605322834,5 195.872524042526,308.042896557725,5 195.725307392099,311.581608877411,5 195.586062853444,315.122001850717,5 195.45321051805,318.665680135707,5 195.327162890054,322.208846711142,5 195.209390598549,325.750982616778,5 195.10072855969,329.292362354231,5 195.001475646626,332.833322359343,5 194.911430893618,336.374258932724,5 194.829924114767,339.915627049364,5 194.755865361593,343.457566077136,5 194.687687047103,347.001480351187,5 194.624615843681,350.543086175855,5 194.566344640545,354.081989474612,5 194.51215973331,357.618560389184,5 194.46100156251,361.153182302807,5 194.411564336275,364.686242483437,5 194.362392792092,368.218124684118,5 194.311977403819,371.749020786595,5 194.258851009098,375.279638878914,5 194.201598108521,378.807747120107,5 194.138814156641,382.333482557019,5 194.06906951481,385.857360385363,5 193.990984538369,389.37987769538,5 193.903315499025,392.90150989025,5 193.805036518827,396.422709415217,5 193.695430031537,399.94370629259,5 193.57417759271,403.465192380877,5 193.440968646859,406.984390794103,5 193.295187667528,410.501617983988,5 193.136530912487,414.017588821002,5 192.965120404118,417.532960353005,5 192.781553562289,421.048334624936,5 192.586939605967,424.564038705122,5 192.383040192764,428.081079572867,5 192.171348245586,431.596353741523,5 191.950650926706,435.11007469286,5 191.719986332606,438.623362615176,5 191.479180022146,442.137253476974,5 191.2287057273,445.652711195364,5 190.969564635905,449.170381332431,5 190.703121329593,452.691805505581,5 190.430893384202,456.213078843924,5 190.153040057573,459.733444847083,5 189.870032599829,463.253792048773,5 189.707442376817,465.247522919944,5)"
        color="rgba(0,0,0,1)"/>
      <vertex
        id="13"
        frame="1"
        position="197.437 278.025"
        color="rgba(0,0,0,1)"/>
      <edge
        id="29"
        frame="1"
        startvertex="27"
        endvertex="16"
        curve="xywdense(5 1164.50929426146,460.110265525528,5 1164.64016653731,457.433662432822,5 1164.79158316309,454.352816966617,5 1164.97431761318,450.787805937529,5 1165.17161308182,446.983425543199,5 1165.31276393424,444.326045335379,5 1165.50867194756,440.738445678685,5 1165.70437232918,437.169913951606,5 1165.84386212801,434.665077180707,5 1166.02870238789,431.389052493203,5 1166.21438725776,428.112920378626,5 1166.39990347222,424.835077547124,5 1166.67618871538,419.918488959419,5 1166.85798419935,416.641715925087,5 1167.12721128933,411.72710597724,5 1167.30253181842,408.449737354422,5 1167.47268178905,405.169331662142,5 1167.63627193163,401.887625644211,5 1167.79124159882,398.606231835022,5 1167.9381639473,395.323527763023,5 1168.07709702025,392.038557838787,5 1168.1781676781,389.478005611297,5 1168.35648771686,384.619863429684,5 1168.44443036405,381.996744675999,5 1168.54696314142,378.523697912822,5 1168.62942232078,374.966705277089,5 1168.70519411267,371.263475064178,5 1168.75422779028,366.620527683579,5 1168.76486975146,364.037637732984,5 1168.77017914604,361.454507701501,5 1168.74969209096,357.969641237511,5 1168.71956390528,354.183143968306,5 1168.68333491169,351.384997613669,5 1168.60223571015,346.716536604969,5 1168.55087015434,344.0578350189,5 1168.4532395532,339.195081074074,5 1168.38324371912,335.465276622759,5 1168.32719540341,331.982785768438,5 1168.27622635256,328.651231416077,5 1168.24686468902,326.128919237523,5 1168.21859142658,321.170774055063,5 1168.21659901487,317.887488537884,5 1168.2338980416,314.588784526318,5 1168.26438542337,311.912997655432,5 1168.31180509342,308.788980113226,5 1168.36247588924,305.66464818303,5 1168.41897227716,302.986346208232,5 1168.48508172549,300.329414967558,5 1168.61659859409,295.639167369905,5 1168.71489231395,292.397845346701,5 1168.80865762067,289.373569866796,5 1168.90394718412,286.419694615535,5)"
        color="rgba(0,0,0,1)"/>
      <vertex
        id="16"
        frame="1"
        position="1168.9 286.42"
        color="rgba(0,0,0,1)"/>
      <face
        id="38"
        frame="1"
        cycles="[33- 35+]"
        color="rgba(53,169,255,1)"/>
      <edge
        id="33"
        frame="1"
        startvertex="24"
        endvertex="27"
        curve="xywdense(5 189.707442376817,465.247522919944,5 193.284766473722,465.35628444913,5 197.368501029895,465.476753977961,5 201.451749347834,465.59370252358,5 205.534547684606,465.707320383416,5 209.616929115561,465.817801553002,5 213.69892430642,465.925341484396,5 217.780562095163,466.030135495478,5 221.861869930178,466.132377644723,5 225.942874199233,466.232259938633,5 230.023600022264,466.329972305046,5 234.103979142761,466.425813968279,5 238.183986546484,466.520042925403,5 242.263672891881,466.612826002361,5 246.343084613806,466.704328906944,5 250.422264526242,466.794715452682,5 254.501252319356,466.884146940885,5 258.580084968399,466.972781661494,5 262.658797068982,467.060774481934,5 266.737421110764,467.148276499924,5 270.815987699564,467.23543474136,5 274.894525736137,467.322391888424,5 278.973062558483,467.409286026235,5 283.051624053365,467.496250398792,5 287.130234741766,467.58341316686,5 291.208917842214,467.670897162016,5 295.287683346897,467.758806588029,5 299.366432780712,467.847117817654,5 303.44515913503,467.935893749799,5 307.523885594896,468.025226927387,5 311.60263375126,468.115205207773,5 315.681423569587,468.205910975579,5 319.760273359492,468.297420414399,5 323.83919974527,468.389802826784,5 327.918217637416,468.483119994316,5 331.997340205421,468.57742557169,5 336.076578852361,468.67276451075,5 340.155943191965,468.769172512357,5 344.235441029064,468.8666755058,5 348.315078344485,468.965289157332,5 352.394859285712,469.065018411332,5 356.47478616478,469.165857069482,5 360.554859465155,469.267787415468,5 364.635077859539,469.370779894826,5 368.715438240793,469.474792861876,5 372.795924247115,469.579757672973,5 376.876427902582,469.685473817736,5 380.956922204697,469.791826398112,5 385.037403448594,469.898720588031,5 389.117866417576,470.006050890351,5 393.19830459744,470.11370173631,5 397.278710427252,470.221548336581,5 401.359075589577,470.329457814093,5 405.439391592062,470.437292155487,5 409.519649737676,470.544907582005,5 413.599841282404,470.652155057798,5 417.679958658161,470.758887413088,5 421.75999566788,470.864960416086,5 425.839948054693,470.970236271186,5 429.919814117049,471.074587607792,5 433.999595365978,471.177901972977,5 438.079297218738,471.280086830917,5 442.15892972083,471.381075059091,5 446.238508285871,471.48083091546,5 450.318054440154,471.579356432208,5 454.397596555938,471.676698170337,5 458.477169612633,471.77295419231,5 462.556602866843,471.868355570395,5 466.635655001365,471.963010912281,5 470.714329165984,472.056844743525,5 474.792629228742,472.149780110491,5 478.870560591801,472.241740102887,5 482.948130506742,472.332649219017,5 487.025348406267,472.422434871239,5 491.102226251482,472.511029039735,5 495.178778893636,472.598370082078,5 499.255024448772,472.684404705232,5 503.330984683311,472.769090105481,5 507.406685408065,472.85239628021,5 511.48215687762,472.934308513554,5 515.557434191428,473.0148300356,5 519.632557692251,473.093984851916,5 523.707573356926,473.171820736914,5 527.782533173655,473.248412380587,5 531.857495499264,473.323864673791,5 535.932525389169,473.398316112203,5 540.00769489194,473.4719422936,5 544.083083299764,473.54495947705,5 548.158777345405,473.617628166175,5 552.234871335768,473.690256671856,5 556.311395790286,473.763197782353,5 560.388654364553,473.836864988335,5 564.465863271188,473.91089487087,5 568.542790934242,473.98501233173,5 572.619439234546,474.059215614379,5 576.695809626156,474.133499335982,5 580.77190320679,474.207854811389,5 584.847720790503,474.282270375913,5 588.923262982743,474.356731708057,5 592.998530257881,474.431222153377,5 597.073523039313,474.505723050677,5 601.148241782256,474.58021406175,5 605.222687059282,474.65467350582,5 609.296859648661,474.729078699857,5 613.370760625521,474.80340630582,5 617.444391455806,474.877632685842,5 621.517754092976,474.951734266218,5 625.59085107731,475.025687910977,5 629.663685637656,475.099471305603,5 633.736261795351,475.173063351304,5 637.808584470006,475.246444569995,5 641.880659586722,475.319597519914,5 645.952494184242,475.392507221471,5 650.024096523421,475.465161592632,5 654.095476195286,475.537551892756,5 658.166644227885,475.609673173418,5 662.23758944871,475.681523994413,5 666.308383625715,475.753102394068,5 670.378825895892,475.82433331513,5 674.448910746782,475.89521205456,5 678.518645436688,475.965745736744,5 682.58803610207,476.03593037692,5 686.657087798129,476.105751331991,5 690.725804540286,476.175183724547,5 694.794189346386,476.244192840508,5 698.862244279529,476.312734501006,5 702.92997049139,476.380755409351,5 706.997368265985,476.448193474139,5 711.064437063798,476.514978109695,5 715.131175566249,476.581030515294,5 719.197581720465,476.646263934685,5 723.263652784343,476.710583897677,5 727.329385371932,476.773888445642,5 731.394775499108,476.836068342971,5 735.459818629617,476.897007276648,5 739.52450972145,476.956582046248,5 743.588843273651,477.014662746818,5 747.652813373545,477.071112947202,5 751.716413744435,477.125789866543,5 755.77963779382,477.178544551774,5 759.842478662122,477.22922205907,5 763.904929271985,477.27766164231,5 767.966982378118,477.323696951715,5 772.028630617706,477.367156245914,5 776.089866561346,477.407862620724,5 780.150681776574,477.44563427241,5 784.210865800992,477.480380169907,5 788.270157069557,477.512177121031,5 792.328564205099,477.54105438073,5 796.386093900453,477.567024139256,5 800.442751013079,477.590082739528,5 804.498538612985,477.610211615868,5 808.553458037879,477.627378207635,5 812.60750895505,477.641536846698,5 816.660689429511,477.652629618144,5 820.712995997966,477.660587194017,5 824.764423748253,477.665329640249,5 828.81496640387,477.666767197236,5 832.864616413318,477.664801034861,5 836.913365043971,477.659323982962,5 840.961202480228,477.650221238509,5 845.008117925748,477.637371050925,5 849.054099709574,477.620645387179,5 853.099135395994,477.599910578385,5 857.143211897984,477.575027949804,5 861.186315594115,477.545854436205,5 865.228432448788,477.512243184622,5 869.269548135712,477.474044146602,5 873.309648164462,477.431104662055,5 877.348718010041,477.383270036821,5 881.386743245282,477.330384116063,5 885.423709675949,477.272289855548,5 889.459603478358,477.208829892806,5 893.49440095495,477.139847508934,5 897.528094639881,477.065170789305,5 901.560500404724,476.984655883741,5 905.591627801557,476.898373045934,5 909.621502137522,476.806404177992,5 913.650147358981,476.708818229843,5 917.677586198477,476.605672553222,5 921.703840333939,476.497014237449,5 925.728930558875,476.382881423185,5 929.752876962368,476.263304591105,5 933.775699117738,476.138307823064,5 937.797416278827,476.007910033902,5 941.818047582919,475.872126172613,5 945.837612259374,475.730968392001,5 949.85612984311,475.584447186363,5 953.873620392131,475.432572497087,5 957.890104708314,475.275354786276,5 961.90560456076,475.112806078765,5 965.92014291097,474.944940973025,5 969.93374413921,474.771777621536,5 973.946434271343,474.593338681309,5 977.958241205521,474.409652235167,5 981.969194938006,474.220752684396,5 985.979327787449,474.026681613287,5 989.988674616902,473.827488625887,5 993.997273052765,473.623232155204,5 998.00515576609,473.413980303043,5 1002.01222436842,473.199888821574,5 1006.01810639169,472.981006776378,5 1010.02274067287,472.757098203741,5 1014.02607660803,472.527956151433,5 1018.02807309488,472.293408109476,5 1022.0286981561,472.053314783731,5 1026.0279285613,471.807568823726,5 1030.02574945147,471.55609352249,5 1034.02215396968,471.29884150422,5 1038.0171429008,471.035793413754,5 1042.0107243231,470.766956619964,5 1046.0029132734,470.492363943453,5 1049.9937314277,470.21207241728,5 1053.98320679834,469.926162087875,5 1057.97137344865,469.63473486189,5 1061.95827122542,469.33791340334,5 1065.94394550966,469.035840084244,5 1069.92844698533,468.728675990793,5 1073.91183142595,468.416599986088,5 1077.89415949838,468.099807829593,5 1081.87549658316,467.778511352574,5 1085.85591261046,467.452937688102,5 1089.83548191054,467.123328553493,5 1093.81428307759,466.789939582467,5 1097.79239211766,466.453039740839,5 1101.76990267869,466.113524451722,5 1105.746547056,465.772154316624,5 1109.7219080823,465.427917692741,5 1113.6956392294,465.079918876468,5 1117.66746759144,464.727416400128,5 1121.63718695227,464.369812849926,5 1125.60465100177,464.006644345869,5 1129.56976677385,463.637569859587,5 1133.53248836393,463.262360522445,5 1137.49281096968,462.880889053426,5 1141.45076528659,462.493119414412,5 1145.40641227871,462.099096780021,5 1149.35983833523,461.698937890388,5 1153.31115081545,461.292821838234,5 1157.26047397762,460.880981326467,5 1161.2079452817,460.4636944192,5 1164.50929426146,460.110265525528,5)"
        color="rgba(0,0,0,1)"/>
      <edge
        id="35"
        frame="1"
        startvertex="24"
        endvertex="27"
        curve="xywdense(5 189.707442376817,465.247522919944,5 189.552093560308,467.903898060688,5 189.36846310487,471.06736746724,5 189.133674393768,475.12781603837,5 188.902136350613,479.19074682274,5 188.675460391699,483.251995646987,5 188.456481287478,487.310064684235,5 188.247867738412,491.366130336495,5 188.051601733568,495.421246886064,5 187.868965430619,499.476366724715,5 187.700540509249,503.532325210162,5 187.546164630362,507.590073848487,5 187.404574512454,511.6460446145,5 187.278392090724,515.69726965066,5 187.170957737739,519.74457378247,5 187.083884910041,523.788834672493,5 187.017439156989,527.830948082118,5 186.972077820721,531.872395346044,5 186.955338419976,535.918411959537,5 186.967633349808,539.966835592683,5 187.009719111271,544.012706176097,5 187.081029852476,548.057042323306,5 187.179519919355,552.100921346432,5 187.302415637088,556.145355867917,5 187.446801342319,560.191149273922,5 187.611355241175,564.237940916845,5 187.796644015895,568.281794823711,5 187.995895432069,572.326516784774,5 188.202858695948,576.375713951755,5 188.413051838703,580.431820352867,5 188.624081590421,584.497726730717,5 188.835548756358,588.565236784579,5 189.050662556371,592.633378593315,5 189.270999670181,596.705355591892,5 189.497094160107,600.78326260722,5 189.728137630871,604.86655345616,5 189.969134586037,608.947972656413,5 190.236106742089,613.031516078208,5 190.534959164934,617.121528580183,5 190.866825195506,621.220863712154,5 191.235512406989,625.320639004254,5 191.627930408203,629.412928997851,5 192.039118526578,633.504577027807,5 192.483488117382,637.601461446772,5 192.976874443622,641.684307877872,5 193.532276051672,645.757048351725,5 194.174210592934,649.827375061192,5 194.909986277328,653.869417562102,5 195.777991435664,657.877457775134,5 196.801352666891,661.842898935727,5 197.929009469135,665.754827956476,5 199.146101963816,669.666464448938,5 200.477444568724,673.551107186704,5 202.036155116076,677.431526906794,5 203.735639060295,681.299937368164,5 205.473789507066,685.090376561442,5 207.092704417652,689.04625564278,5 208.563387506715,693.243166404338,5 210.063015364519,697.455366138792,5 211.464181584209,701.58916235816,5 212.439474369719,705.237973265374,5 214.419857409198,708.400496026531,5 216.73723432008,709.521126916395,5 219.157280330131,710.285630797749,5 221.947612083485,710.618144289941,5 224.802349035709,710.729010742912,5 227.278520631528,710.763036384578,5 230.020644075778,710.79746705256,5 235.002995815452,710.911573716063,5 239.777457452725,710.916758096555,5 244.476524433461,710.883680247106,5 249.104139438494,710.776138607057,5 253.659090815127,710.564130077173,5 258.151788898933,710.33319351757,5 262.596230942426,710.089720917879,5 266.990176061645,709.807631740729,5 271.327150765717,709.455457724375,5 275.611864662576,709.120492351845,5 279.860206987578,708.921961886601,5 284.080942573842,708.819571560881,5 288.286037941928,708.791625180406,5 292.493234208433,708.819430833826,5 296.656424045876,708.8792152399,5 300.772629102025,708.940374545754,5 304.848959778587,709.014002445966,5 308.884958056017,709.108749552746,5 312.880282147757,709.205549177996,5 316.83953838653,709.281425873151,5 320.778681985801,709.324760222536,5 324.672749998555,709.326216404751,5 328.519523847225,709.276860321047,5 332.325453248918,709.170437223303,5 336.095755034657,709.003576965615,5 339.833327890028,708.780499000208,5 343.548899169153,708.506241202381,5 347.25873951909,708.184706484022,5 350.952901949069,707.821268103787,5 354.639356486743,707.42043119442,5 358.328465132049,706.986401476448,5 362.09699790057,706.563555864423,5 366.06001364236,706.220101427525,5 370.217655050817,705.954428322717,5 374.572775241883,705.765468619018,5 379.120958594758,705.660409184748,5 383.870950403394,705.648751198024,5 388.832618090083,705.737862892203,5 391.394206865609,705.823148812565,5 393.996910067433,705.916667935943,5 396.627297050187,705.998459307297,5 399.287511768341,706.071614247856,5 401.975708143638,706.13239456839,5 404.69043166736,706.18131778111,5 407.434310143514,706.21794770571,5 410.193254399965,706.241400823342,5 412.954137668412,706.250654840248,5 415.716730716673,706.245639608647,5 418.476241760412,706.225958284242,5 421.233242566513,706.19155053161,5 423.989023144072,706.142027036254,5 426.736639492792,706.077973706639,5 429.47018434386,705.999614607879,5 432.187852639891,705.907620742241,5 434.901400771195,705.80525895159,5 437.671484962945,705.704293053661,5 440.495334421766,705.605173172361,5 443.362849175238,705.507035229687,5 446.26412207845,705.408880645909,5 449.190067014797,705.310476513709,5 452.131663536542,705.210971707647,5 455.081227376803,705.111605123105,5 457.847080437102,705.019212162539,5 460.974777566734,704.916573288443,5 463.906090501817,704.822781427552,5 466.820191760204,704.733409731406,5 469.711319672779,704.649671731753,5 472.576067620129,704.573707408771,5 475.439907212407,704.513736516062,5 478.384014012491,704.489948674077,5 481.397154840071,704.502734236397,5 484.464088924318,704.551750462207,5 487.569725452526,704.636511069024,5 490.701033099341,704.757457038784,5 493.846159819796,704.921575695243,5 496.991839091848,705.109806011845,5 499.929095595222,705.302043682704,5 503.237452587544,705.509246944194,5 506.314446702585,705.674299009186,5 509.353290592326,705.814943950584,5 512.346958455538,705.929823133467,5 515.293724957675,706.019090107434,5 518.190748535994,706.082509068392,5 521.034362404201,706.119872225264,5 523.819778733318,706.130690822593,5 526.547530003592,706.115553757872,5 529.21518834453,706.072320305576,5 531.826846696636,706.008691050522,5 534.385422146444,705.931355402679,5 537.938550690269,705.791899873136,5 541.75531791309,705.632080500746,5 546.42675514193,705.38558019834,5 550.920678979512,705.108055833133,5 555.254684458897,704.80744192804,5 559.445275878998,704.492662634628,5 563.511615658292,704.17783494807,5 567.48086042318,703.883746405316,5 571.373849159563,703.622443177614,5 575.210744774781,703.406355162243,5 579.010614004267,703.248385526915,5 582.790394224697,703.161621351512,5 586.565333910742,703.159033345547,5 590.341715886082,703.254506739418,5 594.127215081342,703.461157074453,5 597.794289687821,703.69247570139,5 601.265355591925,703.883401789613,5 604.559012179294,704.033914862219,5 607.694196450131,704.14362595624,5 610.691279687884,704.211540464596,5 613.566452844452,704.238731664544,5 616.338655499176,704.227975979975,5 619.027873965878,704.181550875623,5 621.653877147829,704.101643033692,5 624.236313697258,703.990419709115,5 626.794891197994,703.85013030972,5 629.34967632702,703.683242536178,5 631.921691292164,703.492133395992,5 634.538706612934,703.289442189042,5 637.260350965082,703.151376196289,5 640.120091767072,703.095004050767,5 643.145880561346,703.123482823513,5 646.258854188094,703.205763652555,5 649.438956255004,703.320675251477,5 652.711515271959,703.460035762844,5 656.104159213041,703.617095948896,5 659.646856954035,703.786578975357,5 663.370723627105,703.96457261311,5 667.307485125008,704.148417675746,5 671.491162462771,704.347053537616,5 675.921220416834,704.602695500237,5 680.369474932799,704.864951242617,5 684.791458798739,705.120465301354,5 689.18411131254,705.36562204149,5 693.544907573346,705.597811333403,5 697.869845161299,705.817967469827,5 702.15566927213,706.029406021912,5 706.401522404117,706.232738286286,5 710.606884302852,706.429653351255,5 714.766668581564,706.621991174026,5 718.88090136529,706.812430360264,5 722.950111714262,707.004208397793,5 726.974939050882,707.20057676567,5 730.947426854234,707.376065149924,5 734.863515179467,707.517126598633,5 738.724849355326,707.627376769292,5 742.531512085266,707.711160901967,5 746.285737519247,707.773583493906,5 749.988149201644,707.810722386749,5 753.631834905518,707.782242102554,5 757.219677617092,707.689099865231,5 760.76586485496,707.568165195096,5 764.275095447952,707.427349777989,5 767.748944434883,707.265737469105,5 771.189926563001,707.084358578606,5 774.601588681942,706.884941056342,5 777.992323122116,706.668373805036,5 781.366815449042,706.437625852579,5 784.728706530577,706.19675688521,5 788.082325906969,705.950487047005,5 791.430086784825,705.703829724687,5 794.776208980138,705.460972453648,5 798.124979470984,705.226681239662,5 801.478049751299,705.006576620483,5 804.840394451175,704.806774992231,5 808.217532405829,704.634041276721,5 811.615629982734,704.495758793066,5 815.038047527515,704.399730055622,5 818.489530492516,704.353292680975,5 821.97483313703,704.361734280741,5 825.457746983259,704.367203583228,5 828.922027760204,704.34338086405,5 832.384772018961,704.29721849012,5 835.908254624555,704.251964413031,5 839.488988320747,704.208872186027,5 843.116234346298,704.166690372939,5 846.782812592865,704.124582772089,5 850.482214749029,704.082189063393,5 854.20855228781,704.039513329442,5 857.956513869357,703.996821033626,5 861.721274290746,703.954544202883,5 865.496770469738,703.913333947318,5 869.275600352973,703.874653753112,5 873.054629765552,703.840207252181,5 876.831100121706,703.811706359816,5 880.602587823428,703.790837992095,5 884.366993799272,703.779233578388,5 888.122376970625,703.778445072465,5 891.866249666326,703.790016701952,5 895.592777527948,703.817108664554,5 899.301163826705,703.863510744628,5 902.990919285335,703.932474885041,5 906.661748630886,704.026826007327,5 910.313556990624,704.149088602664,5 913.946198349757,704.301618160728,5 917.554837088541,704.472505115764,5 921.119459232235,704.620481849627,5 924.639608232951,704.745012385898,5 928.116365750359,704.848216438916,5 931.550979636067,704.931969997299,5 934.94488621892,704.998148701696,5 938.299406410542,705.048830430374,5 941.616636311606,705.08673944066,5 944.89256154685,705.114003752604,5 948.128636864696,705.130656949437,5 951.336335467869,705.142575904637,5 954.608904648492,705.20153217928,5 957.963834976588,705.322467000419,5 961.39159676459,705.508678339254,5 964.875224884317,705.732496945344,5 968.401250472041,705.963013642283,5 971.965579870278,706.196857790593,5 975.565853689968,706.432711319716,5 979.201421811766,706.670935350399,5 982.870324979688,706.911632621151,5 986.57620437457,707.15573971087,5 990.325095593413,707.405960667159,5 994.124902649413,707.666263624418,5 997.076955000456,707.876535859833,5 1000.05733820005,708.09542944441,5 1004.03314086186,708.404609079855,5 1007.95627956531,708.729382410448,5 1012.10730234522,709.100671451048,5 1016.3776542262,709.513768089542,5 1020.78694544444,709.974958357627,5 1025.35199861509,710.490683272787,5 1030.06211767891,711.057710372758,5 1034.79982885342,711.631585090012,5 1039.54791958682,712.202739028363,5 1044.30227247288,712.763000570941,5 1049.05746360376,713.305684355415,5 1053.80832307269,713.826766436433,5 1058.54964916554,714.322753157138,5 1063.26806319429,714.78435889167,5 1067.96128487208,715.206926324218,5 1072.6266761709,715.584306624481,5 1077.25471273297,715.913838141305,5 1081.84001465563,716.203131723855,5 1086.38590207776,716.456954566448,5 1090.89246514017,716.669073713106,5 1095.35935219883,716.831138194198,5 1098.66759404966,716.906543747278,5 1101.95631582593,716.955012086014,5 1106.25901818834,716.91502823003,5 1110.48998794964,716.775843119677,5 1114.65771212515,716.56785002157,5 1118.74839337084,716.325447807812,5 1122.75757058582,716.072271039365,5 1126.68416247777,715.825451152657,5 1130.51558177022,715.591986062963,5 1134.09894662461,715.369006492208,5 1137.41553923379,715.150033139085,5 1140.69489438942,714.834816763516,5 1144.00115252022,714.897066832297,5 1147.26324323303,714.550924567581,5 1150.2351493597,713.588434834473,5 1152.88035808624,711.933583145144,5 1155.04389333672,709.653472257695,5 1156.62597455393,706.868725079321,5 1157.65568782539,703.742685702485,5 1158.21539570767,700.408397130315,5 1158.46111581848,696.97005804173,5 1158.51104906743,693.484397614405,5 1158.45121552666,689.978243235693,5 1158.33666693888,686.46390867046,5 1158.19349415688,682.94516340062,5 1158.03024783789,679.416673810253,5 1157.86570712958,675.872718702638,5 1157.71461411198,672.314366140352,5 1157.54377769753,668.741861004512,5 1157.3499343017,665.155627060611,5 1157.14268749482,661.550908481288,5 1156.9326589648,657.928633719634,5 1156.72470719827,654.284222395995,5 1156.51943707965,650.612808852116,5 1156.31664725273,646.909453816699,5 1156.12476901104,643.168729308338,5 1155.96125344574,639.403071493756,5 1155.83086674682,635.617477577228,5 1155.73482609519,631.81102400107,5 1155.67508390562,627.983071594429,5 1155.65773109738,624.134753247069,5 1155.69700636199,620.268892970239,5 1155.7972692142,616.389502681535,5 1155.95754271949,612.495022794402,5 1156.17535333152,608.583860850876,5 1156.44660179098,604.654024749676,5 1156.76545894692,600.704498209739,5 1157.13365451779,596.729479867633,5 1157.54891462216,592.741112337936,5 1157.99832343448,588.739621447431,5 1158.46686743497,584.723587686767,5 1158.93737248926,580.691347670363,5 1159.3904751636,576.640992395722,5 1159.80450777976,572.571379828316,5 1160.15591417316,568.477678207565,5 1160.416546653,564.369371680939,5 1160.55728859309,560.247556551101,5 1160.54839437022,556.111305134424,5 1160.35934311238,551.959752603394,5 1160.07301387751,547.801347975999,5 1159.8435254956,543.650412216253,5 1159.67115538858,539.509220796545,5 1159.55403025051,535.379050316756,5 1159.49025733051,531.264488214058,5 1159.47757194873,527.167454214066,5 1159.51345665038,523.089484530877,5 1159.59520164697,519.032110181629,5 1159.71866932091,514.994863926444,5 1159.87698516709,510.973065009155,5 1160.06647626549,506.967686204863,5 1160.28340342019,502.980426096283,5 1160.52372685129,499.012558068815,5 1160.78297337396,495.070498051415,5 1161.05699930929,491.155930577597,5 1161.34180993778,487.270206757959,5 1161.6335117991,483.414666884535,5 1161.92830065336,479.590633834459,5 1162.24995510744,475.799444314734,5 1162.64766438579,472.042689133741,5 1163.12582939722,468.32179362323,5 1163.68708499432,464.642838685525,5 1164.50929426146,460.110265525528,5)"
        color="rgba(0,0,0,1)"/>
      <vertex
        id="24"
        frame="1"
        position="189.707 465.248"
        color="rgba(0,0,0,1)"/>
      <vertex
        id="27"
        frame="1"
        position="1164.51 460.11"
        color="rgba(0,0,0,1)"/>
      <face
        id="39"
        frame="2"
        cycles="[41+ 40+ 44+]"
        color="rgba(255,250,89,1)"/>
      <edge
        id="40"
        frame="2"
        startvertex="42"
        endvertex="46"
        curve="xywdense(5 187.393827675278,115.484044032911,5 187.559479914762,118.035874140186,5 187.752058788834,121.005188041793,5 187.967471870515,124.34505840398,5 188.190218309003,127.928770339516,5 188.41456608042,131.574930796413,5 188.642789755718,135.414389107904,5 188.869595594951,139.233906995093,5 189.103995784176,143.145626357251,5 189.343863480208,147.057320898308,5 189.58894909757,150.969298588972,5 189.8402908949,154.881930047194,5 190.097436305697,158.794442071692,5 190.360934489586,162.705949088219,5 190.628817810004,166.617157557241,5 190.900242382817,170.528478437656,5 191.172374504853,174.439891992898,5 191.445917635695,178.351840769811,5 191.719240980392,182.263642667843,5 191.990775559514,186.174625488212,5 192.261039767264,190.085202767601,5 192.546617717773,194.239896669805,5 192.806608881425,198.043333697061,5 193.063922800589,201.816217395855,5 193.328083000661,205.726485065371,5 193.589871731256,209.636020407425,5 193.848633509103,213.545069405875,5 194.103693476771,217.453634458552,5 194.354761073715,221.361960768259,5 194.601325303648,225.270356948454,5 194.843375758536,229.178640760547,5 195.08080999969,233.086923599147,5 195.313394389604,236.994635433987,5 195.541051991871,240.901124757058,5 195.763212049886,244.806750575488,5 195.979154617283,248.711641666643,5 196.189255029582,252.61584558607,5 196.393510708705,256.519676216408,5 196.592334434423,260.422461546759,5 196.792869766526,264.473943882905,5 197.01105445659,269.020277724996,5 197.230091778177,273.611877169731,5 197.437446604666,278.025481487552,5)"
        color="rgba(0,0,0,1)"/>
      <edge
        id="41"
        frame="2"
        startvertex="48"
        endvertex="42"
        curve="xywdense(5 1168.90394718412,286.419694615535,5 1169.17197890938,282.706809413311,5 1169.47753906393,278.806855578515,5 1169.80843810767,274.904753418693,5 1170.16005920339,271.005465892339,5 1170.52760438496,267.107207705208,5 1170.90880831387,263.20784555794,5 1171.30342944633,259.305607129888,5 1171.71343959686,255.397159276201,5 1172.13841314408,251.489703610381,5 1172.57584497224,247.581491570983,5 1173.02468820485,243.669432211873,5 1173.48491992201,239.750730180823,5 1173.95688732895,235.822831870177,5 1174.4397275336,231.888188649652,5 1174.9315303908,227.950747662052,5 1175.43164302891,224.007294404025,5 1175.93879874797,220.055593193375,5 1176.45033457077,216.092374452305,5 1176.95992016832,212.127628527903,5 1177.44553329749,208.157326845431,5 1177.88086456111,204.174158687277,5 1178.2633241076,200.175861198182,5 1178.588902689,196.173024572971,5 1178.8434703428,192.164064277716,5 1179.01034389743,188.145519302441,5 1179.07315527898,184.127878479074,5 1179.03429629299,180.110352297842,5 1178.8942749668,176.081862215836,5 1178.64937768246,172.049701403535,5 1178.27038458806,168.008820837797,5 1177.74730902101,163.947602330235,5 1177.08628837192,159.87251425155,5 1176.28616286529,155.777418293604,5 1175.36328999989,151.650383010803,5 1174.31867893054,147.497984814384,5 1173.18855998958,143.317413239093,5 1172.02840554714,139.147808661319,5 1170.89249056077,135.035390493301,5 1169.79272479574,131.046683524326,5 1168.6712839917,127.251529814331,5 1167.35127672485,123.761772893043,5 1165.45682152462,120.751001147782,5 1162.46474850095,118.302314487645,5 1158.392657732,116.479995348571,5 1153.87092704907,115.521993894428,5 1149.4024482997,115.108066679524,5 1145.13270157789,115.210593722064,5 1140.96444591087,115.632418359876,5 1136.87826220955,116.236073747275,5 1132.85177245694,116.927891229054,5 1128.86187101153,117.641234565428,5 1124.89036687187,118.332384947689,5 1120.92832208756,118.982458155332,5 1116.98437300282,119.600956116959,5 1113.06196983053,120.231915390592,5 1109.14946902995,120.846626659585,5 1105.23223744823,121.431699293144,5 1101.30831928499,121.984405581757,5 1097.37724757362,122.505374965573,5 1093.43984749087,122.998716648038,5 1089.49789037046,123.472016587371,5 1085.5534347652,123.935763362228,5 1081.60770692583,124.401469816862,5 1077.65960160755,124.877158787463,5 1073.70588035866,125.358710214423,5 1069.73862424648,125.817853668437,5 1065.75653144563,126.24297878198,5 1061.75800320031,126.634017669649,5 1057.74318042079,126.99234344319,5 1053.71261792575,127.320580791574,5 1049.66720747315,127.622631506604,5 1045.60804279189,127.903586168009,5 1041.53620185654,128.169412792422,5 1037.45243492054,128.426242825345,5 1033.3568060031,128.678969198569,5 1029.2485148768,128.928759167842,5 1025.12650627162,129.169135708037,5 1020.98982315238,129.388874969221,5 1016.83748985742,129.587986441375,5 1012.66962691207,129.768592978133,5 1008.48648160608,129.9333975489,5 1004.28837973858,130.085625298313,5 1000.07566068803,130.22890410091,5 995.848594651435,130.367049212553,5 991.607287559993,130.503704439292,5 987.351594373027,130.641776722846,5 983.081092191519,130.782588056649,5 978.795686891625,130.924860503695,5 974.494050423546,131.062580764719,5 970.181036423586,131.19363190394,5 965.857249379691,131.319314109894,5 961.522969000258,131.441079720322,5 957.17854201295,131.560536515585,5 952.824354425638,131.679332630041,5 948.460808340398,131.799033510959,5 944.088310935745,131.92104090664,5 939.707257043763,132.046453140774,5 935.318013392653,132.175889399948,5 930.920962205222,132.30915959108,5 926.519127518075,132.439850822427,5 922.114310244763,132.563291848886,5 917.707390746043,132.6794524054,5 913.29820535605,132.789107862067,5 908.886609072285,132.893001277094,5 904.472460253887,132.99182727109,5 900.055618251596,133.086222324781,5 895.6359413638,133.176754488549,5 891.213285180254,133.263912473801,5 886.787501386419,133.348094175126,5 882.358437112771,133.429594770204,5 877.92608467858,133.508594810849,5 873.489856118672,133.585148311483,5 869.051621625151,133.659384548749,5 864.612135707327,133.731788392388,5 860.171356258658,133.802773994662,5 855.729223539072,133.87262393671,5 851.285664093926,133.941500560472,5 846.840594718115,134.009457664411,5 842.393926506091,134.076452622923,5 837.945569040733,134.142359053665,5 833.495434781938,134.206980208362,5 829.043443719016,134.270063299175,5 824.589569770567,134.331314440986,5 820.133713612176,134.39044322293,5 815.67639498875,134.447490384881,5 811.217591095268,134.502624250498,5 806.757216922434,134.555853550853,5 802.295162323523,134.607058041421,5 797.831298228959,134.656004590087,5 793.365485908937,134.702375809524,5 788.897584887733,134.745794823281,5 784.427460534121,134.785849670156,5 779.954991452679,134.822117548817,5 775.478133243221,134.84824932717,5 770.965003841854,134.766584824067,5 766.414742290809,134.572576253332,5 761.843571337829,134.303371789718,5 757.265952535192,133.992422101907,5 752.691377000995,133.668096687226,5 748.123831339615,133.341809293325,5 743.529286902134,132.892295130855,5 739.074019276173,132.516879087821,5 734.757596795186,132.209307411992,5 730.543422992684,132.028136736069,5 726.425331885697,132.029352606936,5 722.370058209367,132.311250201353,5 718.320053660167,132.743583633228,5 714.061123945844,133.118021769852,5 709.486828152596,133.33131883932,5 706.924119719776,133.34413829358,5 702.088837239646,133.341937223299,5 699.504593842227,133.434883139377,5 696.876201837968,133.731742438183,5 694.199396098952,134.121533924561,5 691.178545919245,134.460532198077,5 688.338007710788,134.534063398153,5 685.148886332823,134.362089116462,5 681.850912278317,133.983894523643,5 678.509620029324,133.633938659337,5 675.177715808394,133.39350506757,5 671.924670242269,133.260597350995,5 668.650920182547,133.272600885434,5 664.858260642238,133.199811946959,5 661.002419481797,133.274451789995,5 656.58813269701,133.377629994902,5 651.645975740777,133.318700692772,5 647.432969776414,133.337836790811,5 643.812693573155,133.640254704631,5 640.617720294189,134.277757491405,5 637.600944799832,134.877368282396,5 634.644908723279,135.253135728845,5 631.660956127918,135.385244219782,5 628.736470008782,135.492095134231,5 625.826346456462,135.630855410059,5 622.837934607428,135.770114483543,5 619.658117795851,135.878781959778,5 616.295942637722,136.073455102399,5 612.711493005031,136.416129866655,5 609.063925158075,136.774254300254,5 605.432213358021,137.070992223978,5 601.809711378797,137.285214507672,5 598.150009380214,137.290567769565,5 594.46353949949,137.133231846006,5 590.74862212518,136.863228663623,5 586.998600149643,136.528055777746,5 583.207543164906,136.174822837193,5 579.369646511566,135.846708087669,5 575.479714495251,135.57238589754,5 571.520101430595,135.34267447959,5 567.48757796683,135.126138189671,5 563.381997384948,134.846151025687,5 559.181539148777,134.447515512981,5 554.863487015819,134.168550981529,5 550.530724480647,134.123727253498,5 546.185168205998,134.070675623963,5 541.854744107577,133.788095114094,5 538.639836799592,133.376513719401,5 535.471252632589,132.9658730319,5 531.374761257562,132.604596731783,5 528.390970180668,132.416486777251,5 525.432162888779,132.223141617503,5 521.556787537978,131.945285993795,5 517.713856344693,131.603241503284,5 513.875745655961,131.206473846811,5 510.015078130092,130.809930352114,5 506.109685411825,130.517434004076,5 502.149792731542,130.3981643574,5 498.162136557188,130.026861532779,5 494.154980068723,129.486601338436,5 490.113437256853,128.762020523337,5 486.012852769198,127.931975716199,5 481.843971958857,127.072667767846,5 477.622755277502,126.291063235794,5 473.352982035794,125.687711167789,5 469.033406128823,125.370286405097,5 464.716941901976,125.286722932017,5 460.483289120218,125.297863715197,5 456.283637476027,125.319889040429,5 452.115504751372,125.32600956722,5 447.979689427333,125.258986935055,5 443.852645814536,125.114981749671,5 439.725812089765,124.970779565146,5 435.598965551259,124.825726313256,5 431.471926530627,124.679391656375,5 427.344555497429,124.531543192838,5 423.216749997356,124.382124015149,5 419.088441715093,124.231234031042,5 414.959690197227,124.079115398542,5 410.830247898955,123.926142876736,5 406.701528913585,123.772655551365,5 402.573791523265,123.618535056809,5 398.446921451889,123.463682965665,5 394.320844262617,123.308098015546,5 390.195519841951,123.151847030662,5 386.070937049345,122.995040027554,5 381.947108764375,122.837809295367,5 377.824067498343,122.680292097832,5 373.701931740663,122.522618586486,5 369.580940735773,122.364876697553,5 365.462881120653,122.207344180958,5 361.347936799403,122.050493260319,5 357.236200773678,121.894555316754,5 353.127751740806,121.73951293265,5 349.022655727034,121.585117411285,5 344.920967443182,121.430904838655,5 340.822731392934,121.276209884451,5 336.727982787868,121.120176932959,5 332.636689111059,120.961886923239,5 328.547577031035,120.804921358726,5 324.460812673468,120.653020973084,5 320.376669628928,120.507958415023,5 316.295234543778,120.370645577815,5 312.21646046519,120.241311795901,5 308.140211610419,120.119667814214,5 304.066299790816,120.005051970318,5 299.994513267858,119.896557643329,5 295.924687124429,119.79314268278,5 291.856542819635,119.693775252215,5 287.792099097937,119.599148296303,5 283.731620780332,119.508641630775,5 279.674238857446,119.420256488567,5 275.619118955028,119.331738059408,5 271.565495865694,119.240766995465,5 267.512693738267,119.145106454048,5 263.460135453239,119.042710659912,5 259.407344397344,118.931802482175,5 255.353984691428,118.810928623914,5 251.30037862174,118.678807747663,5 247.249496423913,118.535866173629,5 243.20063626029,118.384861604712,5 239.152550032507,118.227010077235,5 235.104013137709,118.062317530636,5 231.053943147514,117.89012125791,5 227.001461712726,117.709526051007,5 222.945951133256,117.51973721543,5 218.886826460632,117.320234339602,5 214.823719405015,117.11048944252,5 210.756420137513,116.890421567697,5 206.68487359561,116.660465490458,5 202.609080355471,116.421573117909,5 198.529061410837,116.175231000368,5 194.445082772008,115.923482265953,5 190.356581724722,115.668856526423,5 187.393827675278,115.484044032911,5)"
        color="rgba(0,0,0,1)"/>
      <vertex
        id="42"
        frame="2"
        position="187.394 115.484"
        color="rgba(0,0,0,1)"/>
      <face
        id="43"
        frame="2"
        cycles="[50+ 47+ 44- 45+]"
        color="rgba(255,65,53,1)"/>
      <edge
        id="44"
        frame="2"
        startvertex="46"
        endvertex="48"
        curve="xywdense(5 197.437446604666,278.025481487552,5 201.424303102289,278.559602770777,5 205.602722886051,279.10045627213,5 209.779432248215,279.622232783984,5 213.954599673651,280.12573712909,5 218.128327540005,280.612057814273,5 222.300679040122,281.082371492823,5 226.471692862507,281.537849147359,5 230.640775572879,281.979479741234,5 234.807628722891,282.408278087015,5 238.972492500231,282.825331789015,5 243.135550240349,283.231655048686,5 247.296943938098,283.628187929745,5 251.456785264494,284.015799790834,5 255.615163383045,284.395294425947,5 259.772150486428,284.767415608385,5 263.927805705035,285.132852377414,5 268.082127027522,285.492179853067,5 272.234696301479,285.845476696525,5 276.385541962539,286.193443092919,5 280.534801828356,286.5368496453,5 284.682588159086,286.876365152275,5 288.828991727937,287.212570977327,5 292.974085017435,287.54597225983,5 297.117924732013,287.877006578433,5 301.260553780331,288.206050557694,5 305.402002851125,288.533424811311,5 309.542291683072,288.859397537415,5 313.681430111298,289.184187020322,5 317.819406964619,289.507947263871,5 321.955942596431,289.830466097415,5 326.090959767355,290.151822421761,5 330.224498354034,290.472197361696,5 334.356585568041,290.791692072657,5 338.487237933628,291.110332398148,5 342.616463273643,291.428072737037,5 346.744262758907,291.744799375303,5 350.870633075292,292.060333534092,5 354.995568761711,292.374434390307,5 359.119064771016,292.686802337452,5 363.2411193041,292.997082772711,5 367.361736964682,293.304870720914,5 371.48093227795,293.609716636393,5 375.598708073663,293.911145724142,5 379.71494591493,294.208710714443,5 383.829718521623,294.501857664864,5 387.943162269785,294.790018373646,5 392.055445548786,295.072643806174,5 396.16677481278,295.349228754569,5 400.27740040867,295.619338797737,5 404.387622261066,295.882641809323,5 408.497795171007,296.138944246305,5 412.608333422229,296.388232284746,5 416.719714323476,296.630717637908,5 420.832480252818,296.866887587414,5 424.947238716555,297.097558375441,5 429.06465989994,297.323930646692,5 433.185404264199,297.547632900456,5 437.308715435214,297.769328356444,5 441.431492531845,297.987066307327,5 445.553778934658,298.200555428006,5 449.675632762839,298.409560588758,5 453.797120347157,298.613861768569,5 457.918316870962,298.813254458829,5 462.039306998461,299.007550468588,5 466.160185470286,299.19657914945,5 470.281057642025,299.38018905374,5 474.402039936801,299.558250033112,5 478.523260178199,299.730655775661,5 482.644857765236,299.897326767525,5 486.766983646907,300.058213649611,5 490.889800050474,300.21330092107,5 495.013365139309,300.362605777821,5 499.138188919048,300.506208278855,5 503.262922302476,300.644180603793,5 507.387019034333,300.776511313366,5 511.510501741146,300.903166652307,5 515.633395598917,301.024129960599,5 519.75572812495,301.139400087736,5 523.877528948042,301.248989845873,5 527.998829551515,301.35292448679,5 532.119662983321,301.451240187047,5 536.240063527382,301.543982525402,5 540.360066330342,301.631204936832,5 544.479706978172,301.712967128104,5 548.599021017509,301.789333441092,5 552.718043417318,301.860371151858,5 556.836807967551,301.926148695998,5 560.955346612852,301.986733814075,5 565.07364468713,302.042191595809,5 569.191745336893,302.09266772577,5 573.30911593731,302.138612741583,5 577.425800896431,302.180281276269,5 581.541842871685,302.217905584666,5 585.65728469386,302.251720459569,5 589.772169026445,302.281961445937,5 593.886537986904,302.308862926352,5 598.000432728598,302.332656066468,5 602.113892986306,302.353566649841,5 606.226956578455,302.371812768561,5 610.339658862595,302.387602356352,5 614.452032141272,302.401130553627,5 618.564105016231,302.412576897556,5 622.675901689918,302.422102334672,5 626.787441214442,302.429846058788,5 630.898736689696,302.43592218336,5 635.009748213831,302.440417339106,5 639.120596603684,302.443382584879,5 643.230882767655,302.444907540951,5 647.340597674202,302.445167061182,5 651.449781712266,302.444337433346,5 655.558472022529,302.44258456117,5 659.666702273362,302.440062989298,5 663.774502424971,302.436914872485,5 667.881898479532,302.433268880822,5 671.988912215501,302.42923903403,5 676.095560904656,302.424923459226,5 680.201857010879,302.420403068161,5 684.307807870189,302.41574015176,5 688.413415352119,302.410976891877,5 692.51867550311,302.406133792561,5 696.623578173363,302.401208035821,5 700.728106629323,302.39617176992,5 704.832237154865,302.390970341597,5 708.935938645184,302.385520487383,5 713.0391565064,302.379709105838,5 717.141889005659,302.373389379686,5 721.243978314921,302.366480615848,5 725.345408380645,302.359014557852,5 729.446191319382,302.351014560833,5 733.546335708415,302.342490573887,5 737.645846643148,302.333439505848,5 741.744725804354,302.323845583445,5 745.842971534858,302.313680701322,5 749.940578925462,302.302904764533,5 754.037539910285,302.291466025215,5 758.133843371911,302.279301416102,5 762.229475257048,302.266336884585,5 766.324418703639,302.252487731877,5 770.418654180583,302.23765896272,5 774.512159641443,302.221745651932,5 778.604910693715,302.204633334776,5 782.696880785345,302.186198428919,5 786.788041353135,302.166308425303,5 790.87836028507,302.144821821225,5 794.967811021545,302.121592089995,5 799.05634045515,302.096500588871,5 803.14395382133,302.069525411771,5 807.230685901711,302.040648261427,5 811.316568357325,302.009835907878,5 815.401630065763,301.977041901671,5 819.485897479599,301.942208280251,5 823.569395003794,301.905267266642,5 827.65214539022,301.866142961196,5 831.734170147732,301.824753028728,5 835.815489966464,301.781010384493,5 839.896125155273,301.734824883461,5 843.976096091369,301.686105018052,5 848.05542368129,301.634759629961,5 852.134129832389,301.580699641926,5 856.212237933973,301.523839815288,5 860.289773347105,301.464100538911,5 864.366763901941,301.401409654518,5 868.443240401145,301.335704322699,5 872.519235611221,301.266932930816,5 876.594458447302,301.195065386675,5 880.668528323045,301.120145922169,5 884.74151130129,301.042227138973,5 888.813468337322,300.961336728645,5 892.884455459382,300.877480954955,5 896.954524350815,300.790648103108,5 901.023722963981,300.700811841461,5 905.092096159728,300.607934489105,5 909.159686367,300.511970186476,5 913.226534257915,300.412867969259,5 917.292679434276,300.310574748413,5 921.358161122054,300.205038201136,5 925.42301887085,300.096209578991,5 929.487293255662,299.984046440384,5 933.551026578588,299.868515315023,5 937.61426356818,299.749594307982,5 941.677052074212,299.627275650585,5 945.739443755537,299.501568204454,5 949.801485110398,299.372499140444,5 953.863003571792,299.240189266542,5 957.923502997077,299.104783419796,5 961.983023423381,298.966222093,5 966.041604432625,298.824422218992,5 970.099280997304,298.679285958621,5 974.156084307493,298.530704478552,5 978.212042599554,298.378561453688,5 982.267181978628,298.222736294315,5 986.321527228457,298.063107103274,5 990.375102603468,297.899553372653,5 994.427932599175,297.731958432591,5 998.480042697938,297.560211667009,5 1002.53146008794,297.384210512542,5 1006.58221435377,297.203862257639,5 1010.6323381376,297.019085658982,5 1014.68186776987,296.82981239197,5 1018.73084386895,296.635988351273,5 1022.77924614959,296.437576927679,5 1026.82726182671,296.234555781011,5 1030.8738989925,296.027064688193,5 1034.91906699529,295.815265992242,5 1038.96288808397,295.599261698345,5 1043.00547070786,295.379112245536,5 1047.04691071572,295.154843394801,5 1051.08729262839,294.926452641172,5 1055.12669095061,294.693915107558,5 1059.16517149205,294.457188896716,5 1063.20279267284,294.216219893203,5 1067.23960679301,293.970946019627,5 1071.27566124953,293.721300961239,5 1075.3109996883,293.467217380038,5 1079.34566308113,293.208629644625,5 1083.37969072092,292.945476105086,5 1087.41312112992,292.677700943776,5 1091.44599287769,292.405255633107,5 1095.47831175162,292.128102595832,5 1099.50995125429,291.846211439187,5 1103.53991896662,291.55982672196,5 1107.56831836495,291.269366962389,5 1111.59529081743,290.975157474635,5 1115.6209541319,290.677433349455,5 1119.64540514435,290.37635472849,5 1123.66872241787,290.072021033702,5 1127.69096858231,289.764482562392,5 1131.71219411207,289.453756407296,5 1135.73243880883,289.139832795785,5 1139.75173446229,288.822685143913,5 1143.77010708426,288.502277908647,5 1147.78757888801,288.178573033808,5 1151.80417004429,287.85153523038,5 1155.81990020938,287.521136179985,5 1159.83476762987,287.187360042689,5 1163.84861996579,286.850060195515,5 1166.62714934236,286.613796149676,5 1168.90394718412,286.419694615535,5)"
        color="rgba(0,0,0,1)"/>
      <edge
        id="45"
        frame="2"
        startvertex="46"
        endvertex="52"
        curve="xywdense(5 197.437446604666,278.025481487552,5 197.297715559357,280.432422648049,5 197.132917490069,283.281828389985,5 196.93238129824,286.821545041497,5 196.737377849887,290.359688478033,5 196.548537248447,293.89668843898,5 196.366899988765,297.433018052742,5 196.193337759589,300.969156987365,5 196.028461919763,304.505605322834,5 195.872524042526,308.042896557725,5 195.725307392099,311.581608877411,5 195.586062853444,315.122001850717,5 195.45321051805,318.665680135707,5 195.327162890054,322.208846711142,5 195.209390598549,325.750982616778,5 195.10072855969,329.292362354231,5 195.001475646626,332.833322359343,5 194.911430893618,336.374258932724,5 194.829924114767,339.915627049364,5 194.755865361593,343.457566077136,5 194.687687047103,347.001480351187,5 194.624615843681,350.543086175855,5 194.566344640545,354.081989474612,5 194.51215973331,357.618560389184,5 194.46100156251,361.153182302807,5 194.411564336275,364.686242483437,5 194.362392792092,368.218124684118,5 194.311977403819,371.749020786595,5 194.258851009098,375.279638878914,5 194.201598108521,378.807747120107,5 194.138814156641,382.333482557019,5 194.06906951481,385.857360385363,5 193.990984538369,389.37987769538,5 193.903315499025,392.90150989025,5 193.805036518827,396.422709415217,5 193.695430031537,399.94370629259,5 193.57417759271,403.465192380877,5 193.440968646859,406.984390794103,5 193.295187667528,410.501617983988,5 193.136530912487,414.017588821002,5 192.965120404118,417.532960353005,5 192.781553562289,421.048334624936,5 192.586939605967,424.564038705122,5 192.383040192764,428.081079572867,5 192.171348245586,431.596353741523,5 191.950650926706,435.11007469286,5 191.719986332606,438.623362615176,5 191.479180022146,442.137253476974,5 191.2287057273,445.652711195364,5 190.969564635905,449.170381332431,5 190.703121329593,452.691805505581,5 190.430893384202,456.213078843924,5 190.153040057573,459.733444847083,5 189.870032599829,463.253792048773,5 189.707442376817,465.247522919944,5)"
        color="rgba(0,0,0,1)"/>
      <vertex
        id="46"
        frame="2"
        position="197.437 278.025"
        color="rgba(0,0,0,1)"/>
      <edge
        id="47"
        frame="2"
        startvertex="53"
        endvertex="48"
        curve="xywdense(5 1164.50929426146,460.110265525528,5 1164.64016653731,457.433662432822,5 1164.79158316309,454.352816966617,5 1164.97431761318,450.787805937529,5 1165.17161308182,446.983425543199,5 1165.31276393424,444.326045335379,5 1165.50867194756,440.738445678685,5 1165.70437232918,437.169913951606,5 1165.84386212801,434.665077180707,5 1166.02870238789,431.389052493203,5 1166.21438725776,428.112920378626,5 1166.39990347222,424.835077547124,5 1166.67618871538,419.918488959419,5 1166.85798419935,416.641715925087,5 1167.12721128933,411.72710597724,5 1167.30253181842,408.449737354422,5 1167.47268178905,405.169331662142,5 1167.63627193163,401.887625644211,5 1167.79124159882,398.606231835022,5 1167.9381639473,395.323527763023,5 1168.07709702025,392.038557838787,5 1168.1781676781,389.478005611297,5 1168.35648771686,384.619863429684,5 1168.44443036405,381.996744675999,5 1168.54696314142,378.523697912822,5 1168.62942232078,374.966705277089,5 1168.70519411267,371.263475064178,5 1168.75422779028,366.620527683579,5 1168.76486975146,364.037637732984,5 1168.77017914604,361.454507701501,5 1168.74969209096,357.969641237511,5 1168.71956390528,354.183143968306,5 1168.68333491169,351.384997613669,5 1168.60223571015,346.716536604969,5 1168.55087015434,344.0578350189,5 1168.4532395532,339.195081074074,5 1168.38324371912,335.465276622759,5 1168.32719540341,331.982785768438,5 1168.27622635256,328.651231416077,5 1168.24686468902,326.128919237523,5 1168.21859142658,321.170774055063,5 1168.21659901487,317.887488537884,5 1168.2338980416,314.588784526318,5 1168.26438542337,311.912997655432,5 1168.31180509342,308.788980113226,5 1168.36247588924,305.66464818303,5 1168.41897227716,302.986346208232,5 1168.48508172549,300.329414967558,5 1168.61659859409,295.639167369905,5 1168.71489231395,292.397845346701,5 1168.80865762067,289.373569866796,5 1168.90394718412,286.419694615535,5)"
        color="rgba(0,0,0,1)"/>
      <vertex
        id="48"
        frame="2"
        position="1168.9 286.42"
        color="rgba(0,0,0,1)"/>
      <face
        id="49"
        frame="2"
        cycles="[50- 51+]"
        color="rgba(53,169,255,1)"/>
      <edge
        id="50"
        frame="2"
        startvertex="52"
        endvertex="53"
        curve="xywdense(5 189.707442376817,465.247522919944,5 193.284766473722,465.35628444913,5 197.368501029895,465.476753977961,5 201.451749347834,465.59370252358,5 205.534547684606,465.707320383416,5 209.616929115561,465.817801553002,5 213.69892430642,465.925341484396,5 217.780562095163,466.030135495478,5 221.861869930178,466.132377644723,5 225.942874199233,466.232259938633,5 230.023600022264,466.329972305046,5 234.103979142761,466.425813968279,5 238.183986546484,466.520042925403,5 242.263672891881,466.612826002361,5 246.343084613806,466.704328906944,5 250.422264526242,466.794715452682,5 254.501252319356,466.884146940885,5 258.580084968399,466.972781661494,5 262.658797068982,467.060774481934,5 266.737421110764,467.148276499924,5 270.815987699564,467.23543474136,5 274.894525736137,467.322391888424,5 278.973062558483,467.409286026235,5 283.051624053365,467.496250398792,5 287.130234741766,467.58341316686,5 291.208917842214,467.670897162016,5 295.287683346897,467.758806588029,5 299.366432780712,467.847117817654,5 303.44515913503,467.935893749799,5 307.523885594896,468.025226927387,5 311.60263375126,468.115205207773,5 315.681423569587,468.205910975579,5 319.760273359492,468.297420414399,5 323.83919974527,468.389802826784,5 327.918217637416,468.483119994316,5 331.997340205421,468.57742557169,5 336.076578852361,468.67276451075,5 340.155943191965,468.769172512357,5 344.235441029064,468.8666755058,5 348.315078344485,468.965289157332,5 352.394859285712,469.065018411332,5 356.47478616478,469.165857069482,5 360.554859465155,469.267787415468,5 364.635077859539,469.370779894826,5 368.715438240793,469.474792861876,5 372.795924247115,469.579757672973,5 376.876427902582,469.685473817736,5 380.956922204697,469.791826398112,5 385.037403448594,469.898720588031,5 389.117866417576,470.006050890351,5 393.19830459744,470.11370173631,5 397.278710427252,470.221548336581,5 401.359075589577,470.329457814093,5 405.439391592062,470.437292155487,5 409.519649737676,470.544907582005,5 413.599841282404,470.652155057798,5 417.679958658161,470.758887413088,5 421.75999566788,470.864960416086,5 425.839948054693,470.970236271186,5 429.919814117049,471.074587607792,5 433.999595365978,471.177901972977,5 438.079297218738,471.280086830917,5 442.15892972083,471.381075059091,5 446.238508285871,471.48083091546,5 450.318054440154,471.579356432208,5 454.397596555938,471.676698170337,5 458.477169612633,471.77295419231,5 462.556602866843,471.868355570395,5 466.635655001365,471.963010912281,5 470.714329165984,472.056844743525,5 474.792629228742,472.149780110491,5 478.870560591801,472.241740102887,5 482.948130506742,472.332649219017,5 487.025348406267,472.422434871239,5 491.102226251482,472.511029039735,5 495.178778893636,472.598370082078,5 499.255024448772,472.684404705232,5 503.330984683311,472.769090105481,5 507.406685408065,472.85239628021,5 511.48215687762,472.934308513554,5 515.557434191428,473.0148300356,5 519.632557692251,473.093984851916,5 523.707573356926,473.171820736914,5 527.782533173655,473.248412380587,5 531.857495499264,473.323864673791,5 535.932525389169,473.398316112203,5 540.00769489194,473.4719422936,5 544.083083299764,473.54495947705,5 548.158777345405,473.617628166175,5 552.234871335768,473.690256671856,5 556.311395790286,473.763197782353,5 560.388654364553,473.836864988335,5 564.465863271188,473.91089487087,5 568.542790934242,473.98501233173,5 572.619439234546,474.059215614379,5 576.695809626156,474.133499335982,5 580.77190320679,474.207854811389,5 584.847720790503,474.282270375913,5 588.923262982743,474.356731708057,5 592.998530257881,474.431222153377,5 597.073523039313,474.505723050677,5 601.148241782256,474.58021406175,5 605.222687059282,474.65467350582,5 609.296859648661,474.729078699857,5 613.370760625521,474.80340630582,5 617.444391455806,474.877632685842,5 621.517754092976,474.951734266218,5 625.59085107731,475.025687910977,5 629.663685637656,475.099471305603,5 633.736261795351,475.173063351304,5 637.808584470006,475.246444569995,5 641.880659586722,475.319597519914,5 645.952494184242,475.392507221471,5 650.024096523421,475.465161592632,5 654.095476195286,475.537551892756,5 658.166644227885,475.609673173418,5 662.23758944871,475.681523994413,5 666.308383625715,475.753102394068,5 670.378825895892,475.82433331513,5 674.448910746782,475.89521205456,5 678.518645436688,475.965745736744,5 682.58803610207,476.03593037692,5 686.657087798129,476.105751331991,5 690.725804540286,476.175183724547,5 694.794189346386,476.244192840508,5 698.862244279529,476.312734501006,5 702.92997049139,476.380755409351,5 706.997368265985,476.448193474139,5 711.064437063798,476.514978109695,5 715.131175566249,476.581030515294,5 719.197581720465,476.646263934685,5 723.263652784343,476.710583897677,5 727.329385371932,476.773888445642,5 731.394775499108,476.836068342971,5 735.459818629617,476.897007276648,5 739.52450972145,476.956582046248,5 743.588843273651,477.014662746818,5 747.652813373545,477.071112947202,5 751.716413744435,477.125789866543,5 755.77963779382,477.178544551774,5 759.842478662122,477.22922205907,5 763.904929271985,477.27766164231,5 767.966982378118,477.323696951715,5 772.028630617706,477.367156245914,5 776.089866561346,477.407862620724,5 780.150681776574,477.44563427241,5 784.210865800992,477.480380169907,5 788.270157069557,477.512177121031,5 792.328564205099,477.54105438073,5 796.386093900453,477.567024139256,5 800.442751013079,477.590082739528,5 804.498538612985,477.610211615868,5 808.553458037879,477.627378207635,5 812.60750895505,477.641536846698,5 816.660689429511,477.652629618144,5 820.712995997966,477.660587194017,5 824.764423748253,477.665329640249,5 828.81496640387,477.666767197236,5 832.864616413318,477.664801034861,5 836.913365043971,477.659323982962,5 840.961202480228,477.650221238509,5 845.008117925748,477.637371050925,5 849.054099709574,477.620645387179,5 853.099135395994,477.599910578385,5 857.143211897984,477.575027949804,5 861.186315594115,477.545854436205,5 865.228432448788,477.512243184622,5 869.269548135712,477.474044146602,5 873.309648164462,477.431104662055,5 877.348718010041,477.383270036821,5 881.386743245282,477.330384116063,5 885.423709675949,477.272289855548,5 889.459603478358,477.208829892806,5 893.49440095495,477.139847508934,5 897.528094639881,477.065170789305,5 901.560500404724,476.984655883741,5 905.591627801557,476.898373045934,5 909.621502137522,476.806404177992,5 913.650147358981,476.708818229843,5 917.677586198477,476.605672553222,5 921.703840333939,476.497014237449,5 925.728930558875,476.382881423185,5 929.752876962368,476.263304591105,5 933.775699117738,476.138307823064,5 937.797416278827,476.007910033902,5 941.818047582919,475.872126172613,5 945.837612259374,475.730968392001,5 949.85612984311,475.584447186363,5 953.873620392131,475.432572497087,5 957.890104708314,475.275354786276,5 961.90560456076,475.112806078765,5 965.92014291097,474.944940973025,5 969.93374413921,474.771777621536,5 973.946434271343,474.593338681309,5 977.958241205521,474.409652235167,5 981.969194938006,474.220752684396,5 985.979327787449,474.026681613287,5 989.988674616902,473.827488625887,5 993.997273052765,473.623232155204,5 998.00515576609,473.413980303043,5 1002.01222436842,473.199888821574,5 1006.01810639169,472.981006776378,5 1010.02274067287,472.757098203741,5 1014.02607660803,472.527956151433,5 1018.02807309488,472.293408109476,5 1022.0286981561,472.053314783731,5 1026.0279285613,471.807568823726,5 1030.02574945147,471.55609352249,5 1034.02215396968,471.29884150422,5 1038.0171429008,471.035793413754,5 1042.0107243231,470.766956619964,5 1046.0029132734,470.492363943453,5 1049.9937314277,470.21207241728,5 1053.98320679834,469.926162087875,5 1057.97137344865,469.63473486189,5 1061.95827122542,469.33791340334,5 1065.94394550966,469.035840084244,5 1069.92844698533,468.728675990793,5 1073.91183142595,468.416599986088,5 1077.89415949838,468.099807829593,5 1081.87549658316,467.778511352574,5 1085.85591261046,467.452937688102,5 1089.83548191054,467.123328553493,5 1093.81428307759,466.789939582467,5 1097.79239211766,466.453039740839,5 1101.76990267869,466.113524451722,5 1105.746547056,465.772154316624,5 1109.7219080823,465.427917692741,5 1113.6956392294,465.079918876468,5 1117.66746759144,464.727416400128,5 1121.63718695227,464.369812849926,5 1125.60465100177,464.006644345869,5 1129.56976677385,463.637569859587,5 1133.53248836393,463.262360522445,5 1137.49281096968,462.880889053426,5 1141.45076528659,462.493119414412,5 1145.40641227871,462.099096780021,5 1149.35983833523,461.698937890388,5 1153.31115081545,461.292821838234,5 1157.26047397762,460.880981326467,5 1161.2079452817,460.4636944192,5 1164.50929426146,460.110265525528,5)"
        color="rgba(0,0,0,1)"/>
      <edge
        id="51"
        frame="2"
        startvertex="52"
        endvertex="53"
        curve="xywdense(5 189.707442376817,465.247522919944,5 189.552093560308,467.903898060688,5 189.36846310487,471.06736746724,5 189.133674393768,475.12781603837,5 188.902136350613,479.19074682274,5 188.675460391699,483.251995646987,5 188.456481287478,487.310064684235,5 188.247867738412,491.366130336495,5 188.051601733568,495.421246886064,5 187.868965430619,499.476366724715,5 187.700540509249,503.532325210162,5 187.546164630362,507.590073848487,5 187.404574512454,511.6460446145,5 187.278392090724,515.69726965066,5 187.170957737739,519.74457378247,5 187.083884910041,523.788834672493,5 187.017439156989,527.830948082118,5 186.972077820721,531.872395346044,5 186.955338419976,535.918411959537,5 186.967633349808,539.966835592683,5 187.009719111271,544.012706176097,5 187.081029852476,548.057042323306,5 187.179519919355,552.100921346432,5 187.302415637088,556.145355867917,5 187.446801342319,560.191149273922,5 187.611355241175,564.237940916845,5 187.796644015895,568.281794823711,5 187.995895432069,572.326516784774,5 188.202858695948,576.375713951755,5 188.413051838703,580.431820352867,5 188.624081590421,584.497726730717,5 188.835548756358,588.565236784579,5 189.050662556371,592.633378593315,5 189.270999670181,596.705355591892,5 189.497094160107,600.78326260722,5 189.728137630871,604.86655345616,5 189.969134586037,608.947972656413,5 190.236106742089,613.031516078208,5 190.534959164934,617.121528580183,5 190.866825195506,621.220863712154,5 191.235512406989,625.320639004254,5 191.627930408203,629.412928997851,5 192.039118526578,633.504577027807,5 192.483488117382,637.601461446772,5 192.976874443622,641.684307877872,5 193.532276051672,645.757048351725,5 194.174210592934,649.827375061192,5 194.909986277328,653.869417562102,5 195.777991435664,657.877457775134,5 196.801352666891,661.842898935727,5 197.929009469135,665.754827956476,5 199.146101963816,669.666464448938,5 200.477444568724,673.551107186704,5 202.036155116076,677.431526906794,5 203.735639060295,681.299937368164,5 205.473789507066,685.090376561442,5 207.092704417652,689.04625564278,5 208.563387506715,693.243166404338,5 210.063015364519,697.455366138792,5 211.464181584209,701.58916235816,5 212.439474369719,705.237973265374,5 214.419857409198,708.400496026531,5 216.73723432008,709.521126916395,5 219.157280330131,710.285630797749,5 221.947612083485,710.618144289941,5 224.802349035709,710.729010742912,5 227.278520631528,710.763036384578,5 230.020644075778,710.79746705256,5 235.002995815452,710.911573716063,5 239.777457452725,710.916758096555,5 244.476524433461,710.883680247106,5 249.104139438494,710.776138607057,5 253.659090815127,710.564130077173,5 258.151788898933,710.33319351757,5 262.596230942426,710.089720917879,5 266.990176061645,709.807631740729,5 271.327150765717,709.455457724375,5 275.611864662576,709.120492351845,5 279.860206987578,708.921961886601,5 284.080942573842,708.819571560881,5 288.286037941928,708.791625180406,5 292.493234208433,708.819430833826,5 296.656424045876,708.8792152399,5 300.772629102025,708.940374545754,5 304.848959778587,709.014002445966,5 308.884958056017,709.108749552746,5 312.880282147757,709.205549177996,5 316.83953838653,709.281425873151,5 320.778681985801,709.324760222536,5 324.672749998555,709.326216404751,5 328.519523847225,709.276860321047,5 332.325453248918,709.170437223303,5 336.095755034657,709.003576965615,5 339.833327890028,708.780499000208,5 343.548899169153,708.506241202381,5 347.25873951909,708.184706484022,5 350.952901949069,707.821268103787,5 354.639356486743,707.42043119442,5 358.328465132049,706.986401476448,5 362.09699790057,706.563555864423,5 366.06001364236,706.220101427525,5 370.217655050817,705.954428322717,5 374.572775241883,705.765468619018,5 379.120958594758,705.660409184748,5 383.870950403394,705.648751198024,5 388.832618090083,705.737862892203,5 391.394206865609,705.823148812565,5 393.996910067433,705.916667935943,5 396.627297050187,705.998459307297,5 399.287511768341,706.071614247856,5 401.975708143638,706.13239456839,5 404.69043166736,706.18131778111,5 407.434310143514,706.21794770571,5 410.193254399965,706.241400823342,5 412.954137668412,706.250654840248,5 415.716730716673,706.245639608647,5 418.476241760412,706.225958284242,5 421.233242566513,706.19155053161,5 423.989023144072,706.142027036254,5 426.736639492792,706.077973706639,5 429.47018434386,705.999614607879,5 432.187852639891,705.907620742241,5 434.901400771195,705.80525895159,5 437.671484962945,705.704293053661,5 440.495334421766,705.605173172361,5 443.362849175238,705.507035229687,5 446.26412207845,705.408880645909,5 449.190067014797,705.310476513709,5 452.131663536542,705.210971707647,5 455.081227376803,705.111605123105,5 457.847080437102,705.019212162539,5 460.974777566734,704.916573288443,5 463.906090501817,704.822781427552,5 466.820191760204,704.733409731406,5 469.711319672779,704.649671731753,5 472.576067620129,704.573707408771,5 475.439907212407,704.513736516062,5 478.384014012491,704.489948674077,5 481.397154840071,704.502734236397,5 484.464088924318,704.551750462207,5 487.569725452526,704.636511069024,5 490.701033099341,704.757457038784,5 493.846159819796,704.921575695243,5 496.991839091848,705.109806011845,5 499.929095595222,705.302043682704,5 503.237452587544,705.509246944194,5 506.314446702585,705.674299009186,5 509.353290592326,705.814943950584,5 512.346958455538,705.929823133467,5 515.293724957675,706.019090107434,5 518.190748535994,706.082509068392,5 521.034362404201,706.119872225264,5 523.819778733318,706.130690822593,5 526.547530003592,706.115553757872,5 529.21518834453,706.072320305576,5 531.826846696636,706.008691050522,5 534.385422146444,705.931355402679,5 537.938550690269,705.791899873136,5 541.75531791309,705.632080500746,5 546.42675514193,705.38558019834,5 550.920678979512,705.108055833133,5 555.254684458897,704.80744192804,5 559.445275878998,704.492662634628,5 563.511615658292,704.17783494807,5 567.48086042318,703.883746405316,5 571.373849159563,703.622443177614,5 575.210744774781,703.406355162243,5 579.010614004267,703.248385526915,5 582.790394224697,703.161621351512,5 586.565333910742,703.159033345547,5 590.341715886082,703.254506739418,5 594.127215081342,703.461157074453,5 597.794289687821,703.69247570139,5 601.265355591925,703.883401789613,5 604.559012179294,704.033914862219,5 607.694196450131,704.14362595624,5 610.691279687884,704.211540464596,5 613.566452844452,704.238731664544,5 616.338655499176,704.227975979975,5 619.027873965878,704.181550875623,5 621.653877147829,704.101643033692,5 624.236313697258,703.990419709115,5 626.794891197994,703.85013030972,5 629.34967632702,703.683242536178,5 631.921691292164,703.492133395992,5 634.538706612934,703.289442189042,5 637.260350965082,703.151376196289,5 640.120091767072,703.095004050767,5 643.145880561346,703.123482823513,5 646.258854188094,703.205763652555,5 649.438956255004,703.320675251477,5 652.711515271959,703.460035762844,5 656.104159213041,703.617095948896,5 659.646856954035,703.786578975357,5 663.370723627105,703.96457261311,5 667.307485125008,704.148417675746,5 671.491162462771,704.347053537616,5 675.921220416834,704.602695500237,5 680.369474932799,704.864951242617,5 684.791458798739,705.120465301354,5 689.18411131254,705.36562204149,5 693.544907573346,705.597811333403,5 697.869845161299,705.817967469827,5 702.15566927213,706.029406021912,5 706.401522404117,706.232738286286,5 710.606884302852,706.429653351255,5 714.766668581564,706.621991174026,5 718.88090136529,706.812430360264,5 722.950111714262,707.004208397793,5 726.974939050882,707.20057676567,5 730.947426854234,707.376065149924,5 734.863515179467,707.517126598633,5 738.724849355326,707.627376769292,5 742.531512085266,707.711160901967,5 746.285737519247,707.773583493906,5 749.988149201644,707.810722386749,5 753.631834905518,707.782242102554,5 757.219677617092,707.689099865231,5 760.76586485496,707.568165195096,5 764.275095447952,707.427349777989,5 767.748944434883,707.265737469105,5 771.189926563001,707.084358578606,5 774.601588681942,706.884941056342,5 777.992323122116,706.668373805036,5 781.366815449042,706.437625852579,5 784.728706530577,706.19675688521,5 788.082325906969,705.950487047005,5 791.430086784825,705.703829724687,5 794.776208980138,705.460972453648,5 798.124979470984,705.226681239662,5 801.478049751299,705.006576620483,5 804.840394451175,704.806774992231,5 808.217532405829,704.634041276721,5 811.615629982734,704.495758793066,5 815.038047527515,704.399730055622,5 818.489530492516,704.353292680975,5 821.97483313703,704.361734280741,5 825.457746983259,704.367203583228,5 828.922027760204,704.34338086405,5 832.384772018961,704.29721849012,5 835.908254624555,704.251964413031,5 839.488988320747,704.208872186027,5 843.116234346298,704.166690372939,5 846.782812592865,704.124582772089,5 850.482214749029,704.082189063393,5 854.20855228781,704.039513329442,5 857.956513869357,703.996821033626,5 861.721274290746,703.954544202883,5 865.496770469738,703.913333947318,5 869.275600352973,703.874653753112,5 873.054629765552,703.840207252181,5 876.831100121706,703.811706359816,5 880.602587823428,703.790837992095,5 884.366993799272,703.779233578388,5 888.122376970625,703.778445072465,5 891.866249666326,703.790016701952,5 895.592777527948,703.817108664554,5 899.301163826705,703.863510744628,5 902.990919285335,703.932474885041,5 906.661748630886,704.026826007327,5 910.313556990624,704.149088602664,5 913.946198349757,704.301618160728,5 917.554837088541,704.472505115764,5 921.119459232235,704.620481849627,5 924.639608232951,704.745012385898,5 928.116365750359,704.848216438916,5 931.550979636067,704.931969997299,5 934.94488621892,704.998148701696,5 938.299406410542,705.048830430374,5 941.616636311606,705.08673944066,5 944.89256154685,705.114003752604,5 948.128636864696,705.130656949437,5 951.336335467869,705.142575904637,5 954.608904648492,705.20153217928,5 957.963834976588,705.322467000419,5 961.39159676459,705.508678339254,5 964.875224884317,705.732496945344,5 968.401250472041,705.963013642283,5 971.965579870278,706.196857790593,5 975.565853689968,706.432711319716,5 979.201421811766,706.670935350399,5 982.870324979688,706.911632621151,5 986.57620437457,707.15573971087,5 990.325095593413,707.405960667159,5 994.124902649413,707.666263624418,5 997.076955000456,707.876535859833,5 1000.05733820005,708.09542944441,5 1004.03314086186,708.404609079855,5 1007.95627956531,708.729382410448,5 1012.10730234522,709.100671451048,5 1016.3776542262,709.513768089542,5 1020.78694544444,709.974958357627,5 1025.35199861509,710.490683272787,5 1030.06211767891,711.057710372758,5 1034.79982885342,711.631585090012,5 1039.54791958682,712.202739028363,5 1044.30227247288,712.763000570941,5 1049.05746360376,713.305684355415,5 1053.80832307269,713.826766436433,5 1058.54964916554,714.322753157138,5 1063.26806319429,714.78435889167,5 1067.96128487208,715.206926324218,5 1072.6266761709,715.584306624481,5 1077.25471273297,715.913838141305,5 1081.84001465563,716.203131723855,5 1086.38590207776,716.456954566448,5 1090.89246514017,716.669073713106,5 1095.35935219883,716.831138194198,5 1098.66759404966,716.906543747278,5 1101.95631582593,716.955012086014,5 1106.25901818834,716.91502823003,5 1110.48998794964,716.775843119677,5 1114.65771212515,716.56785002157,5 1118.74839337084,716.325447807812,5 1122.75757058582,716.072271039365,5 1126.68416247777,715.825451152657,5 1130.51558177022,715.591986062963,5 1134.09894662461,715.369006492208,5 1137.41553923379,715.150033139085,5 1140.69489438942,714.834816763516,5 1144.00115252022,714.897066832297,5 1147.26324323303,714.550924567581,5 1150.2351493597,713.588434834473,5 1152.88035808624,711.933583145144,5 1155.04389333672,709.653472257695,5 1156.62597455393,706.868725079321,5 1157.65568782539,703.742685702485,5 1158.21539570767,700.408397130315,5 1158.46111581848,696.97005804173,5 1158.51104906743,693.484397614405,5 1158.45121552666,689.978243235693,5 1158.33666693888,686.46390867046,5 1158.19349415688,682.94516340062,5 1158.03024783789,679.416673810253,5 1157.86570712958,675.872718702638,5 1157.71461411198,672.314366140352,5 1157.54377769753,668.741861004512,5 1157.3499343017,665.155627060611,5 1157.14268749482,661.550908481288,5 1156.9326589648,657.928633719634,5 1156.72470719827,654.284222395995,5 1156.51943707965,650.612808852116,5 1156.31664725273,646.909453816699,5 1156.12476901104,643.168729308338,5 1155.96125344574,639.403071493756,5 1155.83086674682,635.617477577228,5 1155.73482609519,631.81102400107,5 1155.67508390562,627.983071594429,5 1155.65773109738,624.134753247069,5 1155.69700636199,620.268892970239,5 1155.7972692142,616.389502681535,5 1155.95754271949,612.495022794402,5 1156.17535333152,608.583860850876,5 1156.44660179098,604.654024749676,5 1156.76545894692,600.704498209739,5 1157.13365451779,596.729479867633,5 1157.54891462216,592.741112337936,5 1157.99832343448,588.739621447431,5 1158.46686743497,584.723587686767,5 1158.93737248926,580.691347670363,5 1159.3904751636,576.640992395722,5 1159.80450777976,572.571379828316,5 1160.15591417316,568.477678207565,5 1160.416546653,564.369371680939,5 1160.55728859309,560.247556551101,5 1160.54839437022,556.111305134424,5 1160.35934311238,551.959752603394,5 1160.07301387751,547.801347975999,5 1159.8435254956,543.650412216253,5 1159.67115538858,539.509220796545,5 1159.55403025051,535.379050316756,5 1159.49025733051,531.264488214058,5 1159.47757194873,527.167454214066,5 1159.51345665038,523.089484530877,5 1159.59520164697,519.032110181629,5 1159.71866932091,514.994863926444,5 1159.87698516709,510.973065009155,5 1160.06647626549,506.967686204863,5 1160.28340342019,502.980426096283,5 1160.52372685129,499.012558068815,5 1160.78297337396,495.070498051415,5 1161.05699930929,491.155930577597,5 1161.34180993778,487.270206757959,5 1161.6335117991,483.414666884535,5 1161.92830065336,479.590633834459,5 1162.24995510744,475.799444314734,5 1162.64766438579,472.042689133741,5 1163.12582939722,468.32179362323,5 1163.68708499432,464.642838685525,5 1164.50929426146,460.110265525528,5)"
        color="rgba(0,0,0,1)"/>
      <vertex
        id="52"
        frame="2"
        position="189.707 465.248"
        color="rgba(0,0,0,1)"/>
      <vertex
        id="53"
        frame="2"
        position="1164.51 460.11"
        color="rgba(0,0,0,1)"/>
    </objects>
  </layer>
</vec>
