<?xml version="1.0" encoding="UTF-8"?>
<!-- Created with VPaint (http://www.vpaint.org) -->

<vec
  version="1.6">
  <playback
    framerange="0 47"
    fps="24"
    subframeinbetweening="off"
    playmode="normal"/>
  <canvas
    position="0 0"
    size="1280 720"/>
  <layer>
    <background
      color="rgba(255,255,255,1)"
      image=""
      position="0 0"
      size="cover"
      repeat="norepeat"
      opacity="1"
      hold="yes"/>
    <objects>
      <face
        id="99"
        cycles="[23+ 30- 34+ 26- 5- 16-]"
        color="rgba(239,156,105,1)"/>
      <edge
        id="5"
        startvertex="3"
        endvertex="4"
        curve="xywdense(5 440.662104247412,161.446971470256,5 445.130557760209,160.744684849795,5 449.60034244528,160.081006613482,5 454.07199127381,159.434426095879,5 458.539447137077,158.805771799599,5 463.00393449624,158.191680473671,5 467.466352537004,157.585890474719,5 471.925365554177,156.987534251217,5 476.378288906269,156.397457871181,5 480.822447249028,155.818684599626,5 485.257197161769,155.253388047019,5 489.681679953728,154.702539054909,5 494.094905578075,154.166815459128,5 498.495825063231,153.646884412902,5 502.883356562285,153.143469021769,5 507.255507549692,152.65753359065,5 511.610922745406,152.190521453937,5 515.948876015019,151.743527840679,5 520.268632639374,151.317345855925,5 524.569454235547,150.912613340494,5 528.850606426386,150.529888070757,5 533.111366456869,150.169684299215,5 537.351029759308,149.832488804637,5 541.568622145493,149.518621840121,5 545.762902021523,149.228452986353,5 549.933373398755,148.962734856335,5 554.079583622247,148.722040240238,5 558.201095732343,148.506801126775,5 562.297490308077,148.317347608385,5 566.368367733297,148.153933710941,5 570.413350471254,148.016754372312,5 574.43208513993,147.905956497762,5 578.424234865639,147.821641653636,5 582.388999056199,147.763656380182,5 586.334948601435,147.718555121256,5 590.270955402177,147.673038158472,5 594.196849830674,147.62722747196,5 598.112454426353,147.581244509488,5 602.017587966426,147.535191661164,5 605.912067683685,147.48916706256,5 609.795711684868,147.44326864506,5 613.668341114014,147.397597203621,5 617.529782078588,147.352258788237,5 621.379641664212,147.30753861795,5 625.217150413683,147.263803333875,5 629.042207197137,147.220778818763,5 632.85475637179,147.178287452684,5 636.654746374627,147.136268619437,5 640.44213191688,147.094760653443,5 644.216876152401,147.053885316294,5 647.978952809004,147.013834492893,5 651.728348283611,146.974858744866,5 655.46506362345,146.937239612606,5 659.189116689836,146.901334330806,5 662.900544248598,146.867514042478,5 666.599403951343,146.836172613949,5 670.285431717532,146.807964070535,5 673.95803645038,146.783428236909,5 677.617439058121,146.762354457451,5 681.263920709408,146.744673870976,5 684.89779444081,146.730440140306,5 688.519404577897,146.719784010815,5 692.129126103066,146.712867625454,5 695.727363777193,146.709838189666,5 699.314550801527,146.710780522328,5 702.891146785547,146.71566806253,5 706.457491740247,146.724320613888,5 710.014173304089,146.736313465715,5 713.559233984458,146.751383663723,5 717.093029800601,146.769673361711,5 719.862498772184,146.78677980124,5)"
        color="rgba(0,0,0,1)"/>
      <edge
        id="16"
        startvertex="14"
        endvertex="3"
        curve="xywdense(5 409.762275812309,205.247649773478,5 411.969605635096,202.362282776037,5 414.223534030252,199.603709402594,5 416.322717628669,197.046973597053,5 418.054074237701,194.786284415082,5 420.307205010557,192.315133533647,5 422.786076672663,189.699806407413,5 424.961713764447,187.182103538762,5 426.9544687276,184.376552434912,5 428.578245646607,181.688833444825,5 429.826343300132,179.058555283001,5 431.194831425991,176.461407434871,5 433.637048191388,173.900334224588,5 435.835276828996,171.264722726257,5 437.351359781463,168.402238483145,5 438.862590909149,165.437559722607,5 440.237399732181,162.676890350002,5 440.662104247412,161.446971470256,5)"
        color="rgba(0,0,0,1)"/>
      <vertex
        id="3"
        position="440.662 161.447"
        color="rgba(0,0,0,1)"/>
      <edge
        id="26"
        startvertex="4"
        endvertex="25"
        curve="xywdense(5 719.862498772184,146.78677980124,5 724.158670808326,146.848967919957,5 727.686398754526,146.904806826385,5 731.205135165498,146.964843033987,5 734.715488390744,147.029236371914,5 738.21807476333,147.098040095438,5 741.713519428919,147.171172738056,5 745.202330169572,147.248380786729,5 748.685501790408,147.329179248424,5 752.161258461432,147.412665260329,5 755.629986293071,147.499067488331,5 759.092883617453,147.588831173192,5 762.551035965814,147.682159701463,5 766.005425062289,147.779027588829,5 769.456941877831,147.879197676061,5 772.906401939505,147.982239717991,5 776.354561533274,148.087548250648,5 779.802133849943,148.194358250258,5 783.249804467944,148.301757609104,5 786.698241500829,148.408695855223,5 790.14635220377,148.514021659992,5 793.593184487488,148.617873397668,5 797.040202699342,148.720372996395,5 800.488597066197,148.820759057801,5 803.93931828235,148.917671907022,5 807.393122110934,149.009360790656,5 810.850616408258,149.093865085785,5 814.31230510161,149.169152024242,5 817.778538966006,149.233214855948,5 821.2496920949,149.284203475278,5 824.722821429776,149.322961082624,5 828.200000967666,149.351559778085,5 831.683884811797,149.368540610835,5 835.17622108224,149.370181030367,5 838.678038167656,149.351878008196,5 842.189865429854,149.309114163435,5 845.711892360659,149.238047815166,5 849.243250346265,149.136193869158,5 852.773537177409,149.01018073857,5 856.305197944661,148.86486568996,5 859.842693493995,148.694130067614,5 863.388555369078,148.488412775381,5 866.944047097137,148.239737198378,5 870.509944730464,147.943972857857,5 874.053259707105,147.60915549041,5 877.558068657871,147.245981015451,5 881.046422698184,146.872419402118,5 884.532934964036,146.513245575799,5 888.024196319446,146.186454382835,5 891.485659728377,145.894051488035,5 894.779823324236,145.485391965175,5 898.062625090328,145.062699695504,5 901.417624965865,144.857734172745,5 904.738562995716,144.881546802111,5 908.053819977822,145.020841404544,5 911.770569453977,144.737742861214,5 915.754226305496,144.221192670013,5 919.542870555962,144.262427103422,5 922.514922187616,144.524291466954,5 921.230428051226,148.015611373343,5 919.399817619973,150.618024605539,5 917.355443618936,153.281996892763,5 914.365464375865,157.2588340388,5 911.666682426453,160.895321551912,5 909.20328345198,164.169525021653,5 906.819915129165,167.415944268176,5 904.469004129096,170.660686427033,5 902.102342606637,173.864343591421,5 899.661743776487,176.962879880546,5 897.211759327192,179.949954206778,5 894.809272684244,182.89273905273,5 892.427111563298,185.831868511243,5 890.06304302391,188.769600146505,5 887.712461686262,191.706109466647,5 885.36828445524,194.639088659557,5 883.022813613911,197.562840166913,5 880.681665544613,200.47105914111,5 878.357706332383,203.371235923296,5 876.043521592409,206.276695515699,5 873.737032791395,209.189775342844,5 871.435272503098,212.11210317839,5 869.134335781824,215.044387918098,5 866.829609775996,217.986056175046,5 864.516677813005,220.934765491037,5 862.194044101552,223.885555569109,5 859.871379099888,226.830498252905,5 857.555577532805,229.766412139886,5 855.245816332877,232.692517157341,5 852.941103789011,235.607432777709,5 850.640407365331,238.509255215515,5 848.339357394076,241.400229728355,5 846.028149781294,244.290068744124,5 843.7065421205,247.177148941658,5 841.376519178551,250.059619398622,5 839.734567701245,252.08288857721,5)"
        color="rgba(0,0,0,1)"/>
      <vertex
        id="4"
        position="719.862 146.787"
        color="rgba(0,0,0,1)"/>
      <face
        id="101"
        cycles="[45+ 41+ 30+ 23- 38-]"
        color="rgba(239,211,105,1)"/>
      <edge
        id="23"
        startvertex="14"
        endvertex="17"
        curve="xywdense(5 409.762275812309,205.247649773478,5 413.347523142952,205.545636962045,5 417.292345209713,205.682826947866,5 421.194847635336,205.718869769115,5 424.978900207617,205.700368745424,5 428.718832592226,205.660000968952,5 432.438471155443,205.56979239761,5 436.155491595309,205.384006061578,5 439.90326311563,205.171281738946,5 443.641098895421,204.974389515874,5 447.373380432755,204.801169709425,5 451.101864391067,204.651481347102,5 454.827902778313,204.516914620624,5 458.552611953505,204.388004757855,5 462.274382854474,204.27478535114,5 465.990851080294,204.189238303384,5 469.70373194121,204.129282838614,5 473.4155294559,204.090169550858,5 477.130125058107,204.066165135147,5 480.853106420939,204.053983189353,5 484.591353007508,204.058539450169,5 488.339724391353,204.091166020773,5 492.084707650335,204.150636157404,5 495.826055950599,204.234659099033,5 499.563530806952,204.340116424193,5 503.296989342986,204.463675428156,5 507.026404649295,204.603150210359,5 510.751757623613,204.759189996824,5 514.473052578882,204.935405358236,5 518.190974953401,205.13181208934,5 521.906707039015,205.346548917749,5 525.621742338527,205.576939298705,5 529.337962796327,205.819709452984,5 533.057690209986,206.071285598723,5 536.782632286376,206.328101722684,5 540.51867998235,206.587768781057,5 544.255341461675,206.849364048371,5 547.990884826341,207.112034029826,5 551.726206688274,207.373827373684,5 555.462344988102,207.632415837683,5 559.200468446204,207.885401532766,5 562.941858978587,208.130661170163,5 566.687500793835,208.366679946154,5 570.438844093327,208.59299324283,5 574.190953571471,208.808008745708,5 577.944394898811,209.010194753863,5 581.699955224517,209.198043577101,5 585.458430418534,209.370313356951,5 589.220609053674,209.526287570549,5 592.987254762174,209.666034019889,5 596.759029706044,209.790652625514,5 600.533197609867,209.901459728465,5 604.304483142069,209.995954889065,5 608.073165463311,210.071184505288,5 611.839463609189,210.124957781834,5 615.603527604307,210.155825544406,5 619.365444046398,210.163027065451,5 623.125221629652,210.146419217112,5 626.883178821238,210.106810132713,5 630.639720341004,210.045844345815,5 634.394875894082,209.964869036379,5 638.148614116873,209.865519240626,5 641.900877724208,209.749674408503,5 645.651585901257,209.619392088804,5 649.400616859566,209.476840309482,5 653.148215046557,209.323800673845,5 656.894796434768,209.161657654755,5 660.64033538412,208.992450855075,5 664.384763284743,208.818205846542,5 668.127988993472,208.640845698947,5 671.869887196863,208.462082845248,5 675.610258954912,208.283266422765,5 679.349461753249,208.10543329087,5 682.924404282941,207.93799094415,5)"
        color="rgba(0,0,0,1)"/>
      <edge
        id="38"
        startvertex="36"
        endvertex="14"
        curve="xywdense(5 360.096829440397,274.718132741705,5 361.783041453584,272.693632711521,5 363.717092396192,270.297862355707,5 365.702091685057,267.328791153267,5 367.699208047701,264.316649141232,5 369.771019859987,261.514096063277,5 371.873135785812,258.809473317458,5 374.730236680136,255.614468115243,5 377.28953572414,252.429221914708,5 379.884667466105,248.928022534654,5 382.400986439927,245.087231732789,5 384.745814783662,241.138160216919,5 387.051460464955,237.557150509739,5 389.32655986757,234.120855616425,5 391.424249327865,230.852138790957,5 393.787945971774,227.441037044191,5 395.876415525741,224.409434225348,5 397.891499994438,221.475003590124,5 399.668129934463,218.841286619493,5 401.543384965018,216.038891291862,5 403.720155892615,212.691631634031,5 406.470621996557,209.14600263161,5 408.288318648462,206.975205810054,5 409.762275812309,205.247649773478,5)"
        color="rgba(0,0,0,1)"/>
      <vertex
        id="14"
        position="409.762 205.248"
        color="rgba(0,0,0,1)"/>
      <edge
        id="30"
        startvertex="28"
        endvertex="17"
        curve="xywdense(5 652.624301734268,247.548668817973,5 654.151664719231,245.691444164914,5 655.975025323379,243.469254307,5 658.34300627685,240.549532668169,5 660.695023513976,237.618446659745,5 663.030264150104,234.675347975347,5 665.348034891191,231.719714033313,5 667.647261529526,228.751776930624,5 669.926782897085,225.771604282016,5 672.186020293988,222.778476093117,5 674.424427256512,219.77175076879,5 676.641519897399,216.75088902756,5 678.836906572287,213.715473505507,5 681.01031572695,210.665224097586,5 682.924404282941,207.93799094415,5)"
        color="rgba(0,0,0,1)"/>
      <vertex
        id="17"
        position="682.924 207.938"
        color="rgba(0,0,0,1)"/>
      <face
        id="100"
        cycles="[56+ 48- 34- 41- 52-]"
        color="rgba(239,211,105,1)"/>
      <edge
        id="34"
        startvertex="28"
        endvertex="25"
        curve="xywdense(5 652.624301734268,247.548668817973,5 655.774801152044,247.875989178389,5 659.533638957044,248.195220082654,5 663.299955889075,248.464059847736,5 667.071510833768,248.694898837841,5 670.845294900407,248.897282527796,5 674.620771543635,249.074195518175,5 678.397963182469,249.228439778171,5 682.176682753896,249.363635785808,5 685.956514574023,249.483511788141,5 689.736493810861,249.591755734334,5 693.51691707262,249.691463281835,5 697.298072286891,249.785480121264,5 701.080141713322,249.876356799352,5 704.863222988337,249.966281141944,5 708.646612952394,250.056904667328,5 712.430180943943,250.150069831054,5 716.214145929472,250.247084711887,5 719.998654495294,250.348500892407,5 723.783795802499,250.454162591597,5 727.569612378519,250.563242144564,5 731.35607368861,250.674250757016,5 735.142126494689,250.784382950223,5 738.92730983403,250.891636889797,5 742.711612713157,250.994283337032,5 746.494937142301,251.090703024207,5 750.277050079525,251.180141030919,5 754.057198719503,251.26360785985,5 757.835504941798,251.345193152451,5 761.610258873909,251.426972627202,5 765.381777417422,251.507215365118,5 769.150167042996,251.584565598582,5 772.915487367665,251.657733108672,5 776.677761323367,251.725612127581,5 780.436986631654,251.78744588572,5 784.19314818839,251.843026338256,5 787.946189321313,251.892931272522,5 791.695526954407,251.938303307584,5 795.440269447507,251.978971607446,5 799.181300715486,252.014525982491,5 802.919508373107,252.044683039244,5 806.655812843262,252.069307602413,5 810.391187826329,252.088406277568,5 814.126318229224,252.102138035472,5 817.863392740125,252.110841392014,5 821.600429377237,252.11492563433,5 825.337296734673,252.114768738069,5 829.074469655703,252.110791230137,5 832.812492104707,252.103474195976,5 836.552005419304,252.093359108441,5 839.734567701245,252.08288857721,5)"
        color="rgba(0,0,0,1)"/>
      <edge
        id="48"
        startvertex="25"
        endvertex="47"
        curve="xywdense(5 839.734567701245,252.08288857721,5 836.69940124475,255.812225103503,5 834.350728059858,258.683803811075,5 831.994071215298,261.552208263612,5 829.62856287328,264.417416316446,5 827.253492484512,267.279481973528,5 824.868380302375,270.138580862201,5 822.473117853678,272.995095542093,5 820.068134270171,275.849708069555,5 817.654598854539,278.703476777452,5 815.234957381123,281.555426485377,5 812.81049391308,284.402714572796,5 810.380712182759,287.245485266784,5 807.945184794789,290.083918425156,5 805.50354243483,292.918235274366,5 803.055469384052,295.74870139159,5 800.600698214203,298.575627600734,5 798.139003797128,301.399368398867,5 795.670198680709,304.220319220866,5 793.194404818526,307.038588732864,5 790.710786350246,309.855403544709,5 788.222342952885,312.667359385427,5 785.729347563434,315.47406713367,5 783.231598128491,318.275865328273,5 780.728973179351,321.07315405987,5 778.22142245251,323.866392496054,5 775.708957280016,326.656096481628,5 773.191640862553,329.442835971246,5 770.669578443192,332.227231961679,5 768.142907328893,335.009952502603,5 765.611891275177,337.791590853129,5 763.077087088671,340.572417812353,5 760.540929589001,343.349814621698,5 758.003164457122,346.12372883888,5 755.463646532313,348.894332303718,5 752.922379329292,351.661920400808,5 750.379478245924,354.426876745065,5 747.835134712713,357.189640090024,5 745.289581431492,359.950673299694,5 742.743058598678,362.710434018399,5 740.195826548775,365.469300564497,5 737.648229811455,368.227180834284,5 735.261995749021,370.80920840411,5)"
        color="rgba(0,0,0,1)"/>
      <vertex
        id="25"
        position="839.735 252.083"
        color="rgba(0,0,0,1)"/>
      <edge
        id="41"
        startvertex="39"
        endvertex="28"
        curve="xywdense(5 608.060932788082,301.630930661611,5 609.62069369555,299.762012902717,5 611.512407999785,297.495970763203,5 614.168035173918,294.318975718243,5 616.826201249266,291.140520104975,5 619.485572840556,287.960682968686,5 622.143924093307,284.780769481935,5 624.80073668725,281.599843445998,5 627.455323744372,278.416795640242,5 630.106868108778,275.230386146833,5 632.754489030408,272.039307523207,5 635.397272958817,268.84221602334,5 638.03432469602,265.637780221399,5 640.664595558068,262.424981885395,5 643.287749672192,259.202228530291,5 645.900096235789,255.972260959342,5 648.500706936357,252.734880403306,5 651.08883919502,249.489382744149,5 652.624301734268,247.548668817973,5)"
        color="rgba(255,0,42,1)"/>
      <vertex
        id="28"
        position="652.624 247.549"
        color="rgba(0,0,0,1)"/>
      <face
        id="102"
        cycles="[67+ 63+ 52+ 45- 60-]"
        color="rgba(184,239,105,1)"/>
      <edge
        id="45"
        startvertex="36"
        endvertex="39"
        curve="xywdense(5 360.096829440397,274.718132741705,5 363.270212225203,274.797636182986,5 367.224635482358,274.893164027357,5 371.120572693549,274.977224489033,5 374.996613592097,275.047445184916,5 378.846962307468,275.106393628343,5 382.747639211717,275.163783615362,5 386.658768813745,275.228852592772,5 390.598384806689,275.314199251029,5 394.563948870868,275.431831688476,5 398.52946239391,275.588497375095,5 402.503774089258,275.790705275454,5 406.471292316092,276.04230766479,5 410.434311184239,276.343996305405,5 414.39612432008,276.689032663774,5 418.342387751626,277.076777913996,5 422.273670103675,277.506976182162,5 426.191958400657,277.97850268122,5 430.085818420509,278.491195208126,5 433.956595237105,279.045924223109,5 437.810043693677,279.646617385155,5 441.64184669245,280.288346611759,5 445.458004506096,280.952960527731,5 449.275761861512,281.623959766877,5 453.082396853905,282.286683114572,5 456.880442602077,282.939087014175,5 460.679956510312,283.581915186232,5 464.485015475798,284.216420197424,5 468.290165449979,284.844863320901,5 472.109516032117,285.478853900648,5 475.932452188511,286.126406914267,5 479.757644087665,286.782987049391,5 483.59614845604,287.446862379569,5 487.452922705363,288.114015033428,5 491.338324922734,288.771251716768,5 495.255756777115,289.403170657906,5 499.183431086114,290.016040957815,5 503.120182168186,290.624180407378,5 507.062391545751,291.219940627577,5 511.012261074684,291.781626807909,5 514.969359709465,292.308679648445,5 518.939880671537,292.815523499302,5 522.918455312951,293.28107209969,5 526.921925951975,293.675897290067,5 530.926120479492,294.000888935296,5 534.945746784407,294.275275298112,5 538.936746874415,294.539601254955,5 542.868081700577,294.834207895044,5 546.748086466094,295.19043392745,5 550.625781180442,295.498114246484,5 554.622324645235,295.596501605904,5 558.640760074594,295.603076334959,5 562.498267969059,295.912599549155,5 565.943933050188,296.374481711411,5 569.832453444984,296.963772186699,5 574.056557196665,297.664254998742,5 578.235105916497,298.226229658786,5 582.255046469399,298.644840896162,5 585.742671474703,298.846363283822,5 589.359487567496,298.893438612494,5 593.154112861732,298.943320120815,5 596.839672027293,299.511629703233,5 600.753593875184,300.26004441136,5 604.585891652376,300.865633491083,5 608.060932788082,301.630930661611,5)"
        color="rgba(0,0,0,1)"/>
      <edge
        id="60"
        startvertex="58"
        endvertex="36"
        curve="xywdense(5 306.232198050036,359.206992215375,5 308.482781581869,356.274636074489,5 310.237037945106,353.330940913668,5 311.75188668705,350.259416598296,5 313.070843303282,347.163230706612,5 314.405933418917,344.03452837827,5 315.95382755673,341.10533312986,5 317.842585174517,338.350300332576,5 320.008016814958,335.694611268575,5 321.801183981356,332.987559280907,5 323.19832455623,329.937437144709,5 324.666944465756,326.737302901241,5 326.443594901093,323.727069485379,5 328.387520235605,320.866216865992,5 330.561169879446,317.955983762253,5 332.855779449474,315.257234387826,5 335.079631770948,312.588877691327,5 337.257458102484,309.984417494714,5 339.216478109192,307.259030386888,5 340.843591786928,304.612474417777,5 342.3362193639,301.937017750583,5 343.856773243357,299.094268282016,5 345.432114197118,296.092156086967,5 347.074070631114,292.953820780471,5 348.875546159102,289.825784415854,5 350.706437230183,287.019046368465,5 352.42349685384,284.387879396921,5 354.208669464614,281.800371139928,5 356.138743245914,279.195683558864,5 358.384712456372,276.655615317193,5 360.096829440397,274.718132741705,5)"
        color="rgba(0,0,0,1)"/>
      <vertex
        id="36"
        position="360.097 274.718"
        color="rgba(0,0,0,1)"/>
      <edge
        id="52"
        startvertex="50"
        endvertex="39"
        curve="xywdense(5 568.630081897744,346.040523955917,5 570.526304233157,343.782390924501,5 572.710336954672,341.201298382174,5 574.903525636204,338.629253911198,5 577.105480379793,336.066492528288,5 579.316096130818,333.51251101895,5 581.535187318714,330.96673524178,5 583.762546162654,328.42852499642,5 585.997988143472,325.897204375912,5 588.241404088841,323.372100566076,5 590.492818925269,320.852592262139,5 592.752235425716,318.338379519826,5 595.02067083089,315.828601926848,5 597.295882773856,313.325174973318,5 599.577243650743,310.827847035728,5 601.864363669847,308.335867749133,5 604.156735552107,305.848342939427,5 606.453771757889,303.364264548311,5 608.060932788082,301.630930661611,5)"
        color="rgba(255,0,42,1)"/>
      <vertex
        id="39"
        position="608.061 301.631"
        color="rgba(0,0,0,1)"/>
      <face
        id="103"
        cycles="[70- 56- 63- 74- 78+]"
        color="rgba(184,239,105,1)"/>
      <edge
        id="56"
        startvertex="50"
        endvertex="47"
        curve="xywdense(5 568.630081897744,346.040523955917,5 570.81111632735,347.555364405542,5 573.415204625544,349.219745022737,5 576.79963557425,350.416066363295,5 580.130886266402,351.274770285085,5 583.782891138225,352.048896343031,5 587.498291249322,352.843830309783,5 591.24706836684,353.602287458996,5 594.982318047348,354.273277627255,5 598.699164150545,354.860501399613,5 602.387830906604,355.4341446885,5 606.065542614427,356.008197399371,5 609.742970831129,356.58202006259,5 613.431908408241,357.147899558525,5 617.166774197125,357.714897248901,5 620.898308691634,358.286778092266,5 624.623592379415,358.860678682644,5 628.343041248677,359.42857447459,5 632.056748986256,359.981426196064,5 635.763104534784,360.5155384475,5 639.460297239677,361.041514705788,5 643.150327604722,361.563982594884,5 646.838054781346,362.081481562472,5 650.528629602409,362.592420186354,5 654.228464371354,363.095737421522,5 657.945233375939,363.592072612234,5 661.675486887635,364.082812426904,5 665.407665430301,364.566584724547,5 669.142941921294,365.042558342849,5 672.882851075741,365.509515400574,5 676.628328623737,365.965711571696,5 680.384877058262,366.409542972512,5 684.144767013317,366.839600325545,5 687.906430117784,367.254773664407,5 691.66972848099,367.65339250298,5 695.434448212652,368.033841747559,5 699.199901932638,368.39475962595,5 702.966982964847,368.735914195142,5 706.73618346297,369.057229003642,5 710.508974161719,369.357945107084,5 714.286793048364,369.637542999607,5 718.071868381608,369.896274178744,5 721.867256368812,370.135798820844,5 725.673486569328,370.357049537284,5 729.481932407547,370.555779594295,5 733.292095878705,370.731088372796,5 735.261995749021,370.80920840411,5)"
        color="rgba(0,0,0,1)"/>
      <edge
        id="70"
        startvertex="47"
        endvertex="69"
        curve="xywdense(5 735.261995749021,370.80920840411,5 732.557073188217,373.736409415658,5 730.014708776926,376.489865417265,5 727.47533696984,379.244091365364,5 724.939591035528,382.000219123429,5 722.408056998683,384.759323657826,5 719.881376252718,387.522256642414,5 717.359802156126,390.290080553642,5 714.846485626897,393.060726130865,5 712.341808938316,395.834892461089,5 709.845589977137,398.613733198616,5 707.357627196078,401.398261565494,5 704.877678412195,404.189334247704,5 702.405440353465,406.987644218481,5 699.940614375035,409.793625389646,5 697.482494769704,412.607902702672,5 695.034098096373,415.42827434588,5 692.596416194925,418.253728448411,5 690.168022661549,421.08436407955,5 687.747392449854,423.920018348003,5 685.332955614517,426.760319033617,5 682.923132332383,429.604733023107,5 680.516403249453,432.452553787002,5 678.111142273626,435.302486267182,5 675.70900755058,438.150700539714,5 673.313389283693,441.000658854646,5 670.925116733469,443.855011021128,5 668.543023403038,446.714697530714,5 666.16476120781,449.579486068919,5 663.787463944034,452.448440069607,5 661.412309019436,455.318862860877,5 659.042378068213,458.18745099378,5 656.672354923146,461.052996685721,5 654.296626864769,463.913482550211,5 651.910333867318,466.766711705317,5 649.510051020087,469.609667389956,5 647.099938050233,472.437696165643,5 644.682520131521,475.257826105983,5 642.256208370946,478.074086476426,5 639.818063024347,480.887898202765,5 637.368945313729,483.697070818912,5 635.153683586314,486.225708763563,5)"
        color="rgba(0,0,0,1)"/>
      <vertex
        id="47"
        position="735.262 370.809"
        color="rgba(0,0,0,1)"/>
      <edge
        id="63"
        startvertex="61"
        endvertex="50"
        curve="xywdense(5 529.024386779908,399.056173585761,5 530.414726968057,397.063061106142,5 532.078350051737,394.682940153842,5 534.264613215983,391.586872372394,5 536.462167220318,388.500848569258,5 538.671390171166,385.425296555794,5 540.892613243494,382.360732541163,5 543.125894031052,379.307550066743,5 545.370907688467,376.265940739431,5 547.626838332708,373.235810726055,5 549.892257037139,370.216723733516,5 552.165204646251,367.207688047934,5 554.446316468441,364.208253767496,5 556.736758838356,361.218565154935,5 559.036641245943,358.238702314784,5 561.345953913665,355.268654742167,5 563.664607640011,352.308341603977,5 565.992467522066,349.357627125214,5 568.630081897744,346.040523955917,5)"
        color="rgba(255,0,42,1)"/>
      <vertex
        id="50"
        position="568.63 346.041"
        color="rgba(0,0,0,1)"/>
      <face
        id="104"
        cycles="[98+ 74+ 67- 82-]"
        color="rgba(105,160,239,1)"/>
      <edge
        id="67"
        startvertex="58"
        endvertex="61"
        curve="xywdense(5 306.232198050036,359.206992215375,5 309.009139186806,359.807064699213,5 313.005530898045,360.253792904144,5 316.872126040274,360.686045857366,5 320.906021938819,360.985177516923,5 324.864493513244,361.18558318034,5 328.770208189665,361.330709225861,5 332.628491875839,361.495965799758,5 336.458503870705,361.699461841948,5 340.32270227962,361.958249199238,5 344.213160461102,362.296733771629,5 348.099893511255,362.700281693024,5 352.007960515998,363.148232507818,5 355.95356135673,363.638766034236,5 359.886702367798,364.166506177556,5 363.811731694166,364.71758166492,5 367.733983461391,365.279500554511,5 371.655935955418,365.857373482178,5 375.568450128456,366.446803859435,5 379.48126330682,367.04079752545,5 383.402430175757,367.640150466418,5 387.33663065688,368.259008224208,5 391.258887877503,368.88857010434,5 395.175960438194,369.521075769678,5 399.092298925317,370.158200747231,5 403.00797157633,370.806234966062,5 406.914138079442,371.464253694034,5 410.817065920053,372.139404826872,5 414.720809336746,372.845560193716,5 418.620468648325,373.596248468194,5 422.519889474504,374.392001091216,5 426.446692604248,375.214735544229,5 430.363675061418,376.033528397776,5 434.253728648882,376.876587853467,5 438.100504962633,377.728324715309,5 441.920423799026,378.57080415266,5 445.726078925861,379.318870808414,5 449.538807224565,379.907264436935,5 453.371978388791,380.394869822968,5 457.258032997312,380.964125443325,5 461.147374878761,381.738309684669,5 465.017604505821,382.718724790997,5 468.879913190935,383.874602917706,5 472.699707666432,385.041337208152,5 476.514340515131,386.085361312795,5 480.347677096042,387.0796132167,5 484.16786232394,388.031475318381,5 487.950732397108,388.889485323551,5 491.69766582586,389.611910053233,5 495.261800186002,390.375301218024,5 498.76192737018,391.396005340328,5 502.461562634646,392.393291092761,5 506.374638962546,393.381949473485,5 510.348827089253,394.525978143022,5 514.146580910214,395.576483885022,5 517.807449123819,396.418550453522,5 521.499077137902,397.160791633527,5 525.082330878405,397.888345226136,5 529.024386779908,399.056173585761,5)"
        color="rgba(0,0,0,1)"/>
      <edge
        id="82"
        startvertex="80"
        endvertex="58"
        curve="xywdense(5 315.878153192239,632.072602979485,5 311.644986564993,631.166021090847,5 307.173841253872,629.99494684309,5 302.98731733406,628.63296287277,5 299.06976644239,627.051702342936,5 295.274579550931,625.365102323441,5 291.474321081413,623.717561528834,5 287.686845250104,622.085506782943,5 283.904826401383,620.452774278205,5 280.109931716223,618.839541086256,5 276.287243359768,617.228646280886,5 272.34721459425,615.64341917626,5 268.272429437698,614.114332020239,5 264.092939775657,612.642626284126,5 259.808406332359,611.208688182652,5 255.424033100393,609.787532356601,5 250.997623108027,608.398099748086,5 246.516766259087,607.025613886547,5 241.985105302617,605.633798059662,5 237.453276287595,604.224476028902,5 232.917209377686,602.74751232349,5 228.407865052567,601.16647612665,5 224.040640732755,599.520734789612,5 219.781960658043,597.842151866579,5 215.679213119266,596.169008057083,5 211.688688923687,594.483025980676,5 207.651610407085,592.877043052357,5 203.367778563169,591.185472474193,5 198.851732220104,589.560680842906,5 194.58220615913,587.778570363161,5 190.500890183213,585.716171399174,5 186.462439026935,583.628955108105,5 182.303430142278,581.643043166082,5 178.189485726469,579.740950952293,5 174.356713506566,577.923506803964,5 170.679594981314,576.264771286813,5 167.085592858866,574.787810513069,5 163.397767888635,573.462294736066,5 159.98588874681,572.706270325569,5 156.752232271104,571.875542761491,5 153.559614422181,570.508195196838,5 150.225987061578,568.858502178436,5 146.898808122723,567.698997011814,5 143.383614478663,567.004230651861,5 139.481545755686,566.167088033535,5 135.776703284513,565.431732364101,5 132.38152555856,564.805819295516,5 128.618064532109,564.17262832629,5 126.05764952922,563.786900597937,5 127.930974659749,562.286948887358,5 130.540556482341,560.536508455438,5 133.870195015961,558.146870956363,5 136.804733488239,556.086739344294,5 139.809834230384,553.981387045461,5 142.858254419745,551.338725437915,5 145.816087899429,548.15107653219,5 148.496569888942,544.979812956359,5 151.005040733755,542.528999838273,5 153.375735046593,540.394112927731,5 155.495241292859,538.349161569643,5 157.534081824465,536.367048029083,5 159.736670177052,534.362145311803,5 162.122561867988,532.668911915299,5 164.404639808468,530.764337113147,5 166.38482447279,528.634344209684,5 168.322942963822,526.472131559653,5 170.451810540827,524.480718030453,5 172.29988780171,522.720908197183,5 174.247810240022,520.794138787154,5 176.245596933473,518.824868825424,5 178.491575671955,516.726097446799,5 180.466119440968,514.971314261502,5 182.436341943625,513.095814951164,5 184.215015984942,511.062749800456,5 186.003442470812,508.889018659604,5 187.865709017254,506.677062666641,5 189.964355966795,504.560321838347,5 192.158712610543,502.425319739193,5 194.481308512556,500.168067338042,5 196.750527113813,497.618882458493,5 198.857131842872,494.836460902782,5 201.110656020909,492.291647139771,5 203.586450084275,490.114532670157,5 205.963634893371,487.947636962655,5 208.222673963753,485.349262004095,5 210.236502690878,482.459295573802,5 212.037820530551,479.4869928,5 213.773534316834,476.562119963452,5 215.536952244843,473.613886988981,5 217.436198321752,470.625818466708,5 219.442101596738,467.68144617749,5 221.485641519751,464.926546127488,5 223.631181755879,462.487704087688,5 225.972081753589,460.323639533802,5 228.548483258294,458.38974968008,5 231.442163856948,456.211812821775,5 234.338196850984,453.756229197832,5 236.94205513507,451.213541934387,5 239.213450502416,448.804179129026,5 241.230043012896,446.467493898806,5 243.128176314035,444.060992067528,5 244.936607572986,441.690878311248,5 246.696056886182,439.233250532353,5 248.3499710237,436.662638231998,5 249.975338332909,433.960264157027,5 251.557355802716,431.208209498865,5 253.106395153867,428.459959007487,5 254.77360873361,425.766106779565,5 256.617804149871,423.227513045421,5 258.72404482612,420.832547887652,5 261.174153231202,418.599086978777,5 263.645942783594,416.299843302895,5 265.845888648279,413.756869223528,5 267.834895345858,410.847716802136,5 269.748329058365,407.777012090293,5 271.647784891079,404.840407050668,5 273.557928907992,401.963511063108,5 275.527332794478,398.930741011226,5 277.411454392139,395.658073451594,5 279.298815982176,392.218754619189,5 281.348115370541,388.986748087223,5 283.686169376469,386.0703247307,5 286.08811070094,383.64834206856,5 288.231811475452,381.383465462032,5 290.369089880149,378.527211883402,5 292.998255737151,375.433142729289,5 295.529193250296,372.557003455099,5 297.675978413906,369.958190203015,5 299.745258239732,367.311847876983,5 301.924555878733,364.490677636777,5 304.140357845733,361.740168476773,5 306.232198050036,359.206992215375,5)"
        color="rgba(0,0,0,1)"/>
      <vertex
        id="58"
        position="306.232 359.207"
        color="rgba(0,0,0,1)"/>
      <edge
        id="74"
        startvertex="72"
        endvertex="61"
        curve="xywdense(5 491.402062273419,454.066700208098,5 493.076098698572,451.816854812182,5 494.903317825093,449.318008087654,5 496.71189833164,446.813618855495,5 498.508203538012,444.308176830817,5 500.295510518603,441.801642062478,5 502.073125095967,439.290996210369,5 503.843921181501,436.775061196272,5 505.608965233575,434.250478416398,5 507.365349923351,431.71024278307,5 509.107741361425,429.151931118696,5 510.837448313255,426.58429431981,5 512.557122014743,424.007889643387,5 514.269902226902,421.423291881189,5 515.979317287366,418.83097634856,5 517.688564948931,416.231924596512,5 519.401996711693,413.624204252957,5 521.115099979325,411.01511620963,5 522.82880744601,408.406122793223,5 524.545193094493,405.798438080486,5 526.266539391308,403.193414683598,5 527.995260136893,400.592492639085,5 529.024386779908,399.056173585761,5)"
        color="rgba(255,0,42,1)"/>
      <vertex
        id="61"
        position="529.024 399.056"
        color="rgba(0,0,0,1)"/>
      <face
        id="105"
        cycles="[106+ 78- 98- 91+]"
        color="rgba(105,160,239,1)"/>
      <edge
        id="78"
        startvertex="72"
        endvertex="69"
        curve="xywdense(5 491.402062273419,454.066700208098,5 493.89270100004,454.773816272613,5 496.823582750462,455.600326400038,5 500.345514643534,456.555493972505,5 503.868984347424,457.483759599894,5 507.393510538679,458.384830088455,5 510.920157970793,459.259250934431,5 514.449075363706,460.108635486168,5 517.979987035183,460.934959700531,5 521.510272966565,461.739195956102,5 525.038524671222,462.522473823946,5 528.565171894514,463.287133766765,5 532.090294798328,464.03563867438,5 535.613501830886,464.770335638821,5 539.131664981338,465.492381214746,5 542.645154026324,466.203312714663,5 546.155109538289,466.905432565002,5 549.662349482611,467.601264939496,5 553.167544924882,468.293383111622,5 556.670174496233,468.983905793217,5 560.167271782629,469.673276529769,5 563.661084593636,470.363045329298,5 567.154509080602,471.055680042725,5 570.650805392548,471.753997235396,5 574.153753687237,472.460829529412,5 577.658100796367,473.176253835658,5 581.154483782882,473.896922388461,5 584.64648030417,474.623596983203,5 588.136901839813,475.358514214561,5 591.627506695954,476.104136107912,5 595.121468306453,476.862891522156,5 598.60817288075,477.630786425512,5 602.089510051381,478.405632788738,5 605.57112845088,479.190163405443,5 609.056277165668,479.987556609692,5 612.548281563095,480.799782343958,5 616.033063331438,481.620516857004,5 619.514367289877,482.450694338876,5 623.002259605249,483.292099522853,5 626.502676568172,484.141362163902,5 630.007027486391,484.988546359752,5 633.513203392068,485.83592160612,5 635.153683586314,486.225708763563,5)"
        color="rgba(0,0,0,1)"/>
      <edge
        id="106"
        startvertex="90"
        endvertex="69"
        curve="xywdense(5 457.224996556226,690.243914946201,5 459.653234738605,687.810823730323,5 462.304889081156,685.148217766686,5 464.952825422937,682.483985363568,5 467.597640266923,679.817969452603,5 470.239754238863,677.150251672913,5 472.876551904491,674.483051278728,5 475.507943061955,671.814897761429,5 478.133692593369,669.145041558075,5 480.753927683648,666.472733937436,5 483.368863571386,663.797340378158,5 485.978730833041,661.118266382271,5 488.583707547273,658.434885208031,5 491.183858594603,655.746471112499,5 493.779080281996,653.052144367064,5 496.369368837068,650.352205629775,5 498.954883151715,647.647197232059,5 501.535641129987,644.936909355621,5 504.111590912973,642.221072100576,5 506.682614281041,639.499346325911,5 509.24853310815,636.771317214868,5 511.809118787356,634.036490225101,5 514.364104830062,631.294289374456,5 516.913196169768,628.54406548608,5 519.455529424316,625.785658087133,5 521.990169520204,623.018789574733,5 524.516386001197,620.242830525024,5 527.033398562739,617.457094956205,5 529.540386491281,614.66084309402,5 532.036502049149,611.853285677596,5 534.520889929801,609.033590880652,5 536.992715816082,606.200895518108,5 539.451171795134,603.354291685124,5 541.895301141872,600.493073802479,5 544.323322804122,597.616864472882,5 546.73695483456,594.726317059045,5 549.193800441315,591.849958187854,5 551.699960860112,588.990547407989,5 554.235320788604,586.137715967411,5 556.781357051254,583.281866852923,5 559.321222903747,580.414213832452,5 561.839688932327,577.527131639187,5 564.322379918599,574.614624378233,5 566.763320979256,571.673319686266,5 569.195558398572,568.716535991088,5 571.605870405567,565.737836872856,5 573.978762119769,562.728777056468,5 576.353960542017,559.69429295517,5 578.715174768251,556.629201520921,5 581.500119994281,552.869119427633,5 583.985712427804,550.520061070434,5 585.922333917258,548.601603937643,5 587.70037062847,546.689184485413,5 589.042681785623,544.448458403472,5 590.766495652281,541.865933762561,5 592.932926011573,539.007814322284,5 595.001717799057,535.986905667943,5 597.10311494541,532.905127064342,5 599.375061578484,529.843190140896,5 601.841527046726,526.817741922772,5 604.414642507551,523.911802605217,5 607.050870761649,521.09260975694,5 609.71454799289,518.296765545406,5 612.361276954912,515.514872155004,5 614.865149603865,512.694790571244,5 617.153577217546,509.77642103465,5 619.182968301568,506.716844728788,5 621.207538275342,503.681078082733,5 623.344333137414,500.74587363922,5 625.550576862841,497.859219746514,5 627.816000600657,494.991084433469,5 630.142189176878,492.145221678159,5 632.503047028144,489.314814410443,5 635.153683586314,486.225708763563,5)"
        color="rgba(0,0,0,1)"/>
      <vertex
        id="69"
        position="635.154 486.226"
        color="rgba(0,0,0,1)"/>
      <edge
        id="98"
        startvertex="80"
        endvertex="72"
        curve="xywdense(5 315.878153192239,632.072602979485,5 318.790051044889,630.965490343344,5 321.420641028469,629.935154579237,5 324.093344314261,628.815603739618,5 326.857045475765,627.509058538004,5 329.685574110543,625.811965611967,5 332.454033613974,623.682697845744,5 335.042261233865,621.249531937458,5 337.517188939867,618.636337363338,5 339.985973757957,615.987141351159,5 342.516634025476,613.385750127509,5 345.123878553255,610.886410848944,5 347.819294813442,608.555337264421,5 350.631303042628,606.418146127411,5 353.495801834826,604.428028111973,5 356.353084217998,602.54867019446,5 359.189600397555,600.73745023769,5 361.994911317788,598.947023260622,5 364.760608388629,597.140120529636,5 367.4575917709,595.271366217758,5 370.04089504078,593.344447886356,5 372.540878219831,591.376691352488,5 374.944324759998,589.306712516545,5 377.188596079626,587.030330272809,5 379.335250957605,584.577081396276,5 381.541527139362,582.233318097701,5 383.789908563999,580.025735936785,5 386.083809817768,577.929161190742,5 388.414940333336,575.906877258546,5 390.767451490993,573.975675032907,5 393.105650674269,572.127678371084,5 395.397121719722,570.302400724789,5 397.60503682566,568.429431219627,5 399.747176678975,566.464024380504,5 401.807356341983,564.364056581265,5 403.767208398652,562.098760001201,5 405.631243274608,559.662971746947,5 407.438852247861,557.051795768366,5 409.305606895936,554.278829859944,5 411.329449414843,551.355775057768,5 413.743002941618,548.36330600407,5 416.770456081227,545.437982871133,5 420.014560554674,542.255620797826,5 421.880802482655,540.299911554064,5 423.53122257365,537.967680318267,5 425.139321366104,535.511505935097,5 426.588297127154,532.617468028276,5 428.823385253689,528.575331965679,5 431.254028362249,524.479604213317,5 433.966629497853,520.399033436445,5 435.577594089283,518.286208926929,5 438.808864572207,514.593780199171,5 440.631767621816,512.799174820013,5 442.503118067125,511.075538068739,5 444.378761582132,509.34660130768,5 446.285541841334,507.562014258866,5 448.18075351616,505.747161070526,5 450.037890007238,503.917369501358,5 451.851301946657,502.066853814737,5 453.493788997966,500.309241875369,5 455.305067737377,498.303099191537,5 458.468813181624,494.464337549203,5 461.483103359357,490.605666042412,5 464.481952504425,486.755478146126,5 467.464241058901,482.987374862307,5 470.425047441207,479.363204254742,5 473.291534198061,475.859302383617,5 476.089167322059,472.458881185837,5 478.821123049295,469.197420552919,5 481.511627460072,466.071342968191,5 484.198803268676,463.06803662062,5 486.791206553884,460.157265185553,5 489.133004429983,457.257402665459,5 491.402062273419,454.066700208098,5)"
        color="rgba(255,0,42,1)"/>
      <vertex
        id="72"
        position="491.402 454.067"
        color="rgba(0,0,0,1)"/>
      <edge
        id="91"
        startvertex="80"
        endvertex="90"
        curve="xywdense(5 315.878153192239,632.072602979485,5 319.050657424857,633.774224635628,5 322.906766922245,635.812825023121,5 326.48653426753,637.681279679776,5 329.793637988836,639.392684398714,5 332.97835025921,641.021969768195,5 336.190407592708,642.644030124317,5 339.43450080961,644.262907791882,5 342.713720196031,645.882286077713,5 346.029937304909,647.505082111753,5 349.383979003708,649.133259727919,5 352.772621195137,650.764656929363,5 356.191805792936,652.396155553247,5 359.639048064776,654.026580189771,5 363.111791518059,655.654527739053,5 366.607352058668,657.277842129526,5 370.122218117265,658.8932671875,5 373.652062036911,660.496563425198,5 377.19175202945,662.082587938803,5 380.735362996231,663.645346969755,5 384.276185552312,665.178029396453,5 387.806733081036,666.673027363433,5 391.318670043716,668.121954875241,5 394.801627317071,669.515807591647,5 398.259539400549,670.858427381485,5 401.721323735442,672.178292469691,5 405.188833525966,673.476706056339,5 408.662354854813,674.753535974444,5 412.142063602479,676.008668405305,5 415.628052681161,677.242015182941,5 419.120354211255,678.453516944486,5 422.618957052594,679.643143721497,5 426.12316694051,680.809882460412,5 429.630838170675,681.95359002795,5 433.141220061698,683.077085529735,5 436.654178254076,684.18181336536,5 440.169921363084,685.268173874414,5 443.688836052415,686.335899036637,5 447.211375285046,687.384337290012,5 450.737987506885,688.41265934772,5 454.269075535663,689.420000299983,5 457.224996556226,690.243914946201,5)"
        color="rgba(0,0,0,1)"/>
      <vertex
        id="80"
        position="315.878 632.073"
        color="rgba(0,0,0,1)"/>
      <vertex
        id="90"
        position="457.225 690.244"
        color="rgba(0,0,0,1)"/>
    </objects>
  </layer>
</vec>
