<?xml version="1.0" encoding="UTF-8"?>
<!-- Created with VPaint (http://www.vpaint.org) -->

<vec
  version="1.6">
  <playback
    framerange="0 47"
    fps="24"
    subframeinbetweening="off"
    playmode="normal"/>
  <canvas
    position="0 0"
    size="1280 720"/>
  <layer>
    <background
      color="rgba(255,255,255,1)"
      image=""
      position="0 0"
      size="cover"
      repeat="norepeat"
      opacity="1"
      hold="yes"/>
    <objects>
      <face
        id="55"
        cycles="[35+ 24- 29- 39+]"
        color="rgba(253,247,89,1)"/>
      <edge
        id="24"
        startvertex="1"
        endvertex="18"
        curve="xywdense(5 1255.03302606017,292.707897302938,10 1255.00073484316,296.333289502174,10 1254.97104767953,300.11249567366,10 1254.94247236426,303.889830848608,10 1254.91119120648,307.662977769989,10 1254.87391871314,311.432319869115,10 1254.82823602331,315.198014104872,10 1254.7729309423,318.96140095604,10 1254.70768164095,322.722143171825,10 1254.63178212898,326.481543357958,10 1254.54494779585,330.241164500375,10 1254.44742539959,334.002917164238,10 1254.33985232329,337.76791975704,10 1254.22269303582,341.541553143029,10 1254.09704130144,345.311186547804,10 1253.96444556084,349.075627234179,10 1253.82699020512,352.835121889355,10 1253.68703139762,356.58989520893,10 1253.5468481802,360.340294725933,10 1253.40729168257,364.087951774441,10 1253.26851326992,367.835577872634,10 1253.17139640599,370.484239173864,10)"
        color="rgba(0,0,0,1)"/>
      <edge
        id="29"
        startvertex="27"
        endvertex="1"
        curve="xywdense(5 107.547911701664,307.170085885214,10 111.653130175156,307.137838552015,10 116.244926812071,307.091266518204,10 120.838392009262,307.033501644229,10 125.433368843728,306.964375873969,10 130.029840535631,306.883746925143,10 134.62776353748,306.791333148271,10 139.227078961714,306.686765791752,10 143.827721407573,306.569639126833,10 148.429623513967,306.43953309702,10 153.032718674104,306.296026429945,10 157.636840497725,306.138641957646,10 162.241770938603,305.967017385267,10 166.84749774141,305.780982580979,10 171.453875403552,305.592507259024,10 176.060747826358,305.413520363578,10 180.668081895472,305.243721517006,10 185.27584192778,305.082794853654,10 189.883990774603,304.930417467223,10 194.492490583656,304.786265444939,10 199.101303309609,304.650018200865,10 203.710391038124,304.521361609828,10 208.319637058399,304.40013711501,10 212.928869593152,304.286328040288,10 217.538067912835,304.179629681931,10 222.147211731858,304.079738508397,10 226.756278385606,303.986369034204,10 231.365242922779,303.899247906253,10 235.974078337068,303.818115257083,10 240.58275571295,303.742725694476,10 245.191244303201,303.672848998496,10 249.799511552897,303.608270571451,10 254.407523082547,303.548791665276,10 259.015242641527,303.494229393074,10 263.622632041984,303.444416515969,10 268.229651082914,303.399200982199,10 272.836228801673,303.358438305628,10 277.44214137718,303.321975871921,10 282.047325562423,303.289730387865,10 286.651749106071,303.261629032628,10 291.255376760427,303.237597848766,10 295.858170681568,303.21755956275,10 300.460090892816,303.201430483557,10 305.061095828155,303.189116407332,10 309.66114297194,303.180507452708,10 314.260189610636,303.175471754561,10 318.858193710749,303.173847956078,10 323.455035145851,303.175371161638,10 328.049687918372,303.178984637909,10 332.641848378496,303.184160125594,10 337.231520322246,303.19054468918,10 341.818714577767,303.197700458382,10 346.403450697328,303.205091001929,10 350.985705576627,303.212069383691,10 355.565684844737,303.217870233307,10 360.143519412616,303.22258353549,10 364.719489854947,303.226418364237,10 369.293702593145,303.229208456484,10 373.866271557736,303.230790246292,10 378.43731908492,303.231003918306,10 383.006976827271,303.229694493053,10 387.575386665147,303.22671295354,10 392.14270160145,303.221917419832,10 396.70908661785,303.215174374954,10 401.274719459408,303.206360542444,10 405.839791344476,303.195362516662,10 410.404507507979,303.182079604787,10 414.969087581761,303.166424896875,10 419.533765744372,303.14832653901,10 424.098790586908,303.127729059265,10 428.664424638045,303.104594613214,10 433.230734666989,303.078904433213,10 437.798358968925,303.050659208038,10 442.365002724791,303.019852238163,10 446.930603214865,302.986433759254,10 451.495234124272,302.950376780394,10 456.058969231495,302.911684399855,10 460.621882562651,302.87039176313,10 465.184048588437,302.82656588726,10 469.74554236257,302.780308565703,10 474.306439685378,302.731757667799,10 478.86681725822,302.681088547806,10 483.426752825087,302.628515517749,10 487.986325299983,302.574293218312,10 492.545614876159,302.518717829167,10 497.104703112808,302.462128051868,10 501.663672994478,302.404905790256,10 506.222608958005,302.347476445822,10 510.781502485809,302.290306576812,10 515.340635746928,302.233817060474,10 519.89911713367,302.17759508561,10 524.456952378562,302.121503398694,10 529.014196291422,302.065560227295,10 533.570904537425,302.009811751214,10 538.12713375769,301.954329661453,10 542.682941710082,301.899208659694,10 547.238387427089,301.844563886531,10 551.793531387316,301.790528264651,10 556.348435696727,301.737249741762,10 560.903164275344,301.684888417057,10 565.457783044686,301.633613534659,10 570.012360110675,301.583600327725,10 574.566965936209,301.535026697807,10 579.121673497091,301.488069715757,10 583.676558414343,301.442901932959,10 588.231699055474,301.399687495092,10 592.787176596712,301.358578055035,10 597.343000794757,301.319710120829,10 601.899392928847,301.283178091494,10 606.455533675776,301.248935553791,10 611.011438565178,301.216961847663,10 615.567192619655,301.187269971573,10 620.122880293903,301.159883458395,10 624.678585484557,301.134832795734,10 629.234391548837,301.112151832684,10 633.790381326167,301.09187417153,10 638.346637157079,301.07402954153,10 642.90324089365,301.058640150986,10 647.460273895792,301.045717013627,10 652.01781700774,301.035256245589,10 656.575950509173,301.027235330295,10 661.134754035491,301.021609350032,10 665.694306461877,301.018307185237,10 670.254685745991,301.017227685305,10 674.815968724348,301.018235818173,10 679.378230857727,301.021158810054,10 683.941545921398,301.025782291431,10 688.505951756607,301.031849149133,10 693.071196613236,301.039062586636,10 697.636195479273,301.047555581941,10 702.200989170215,301.057775482763,10 706.765632086837,301.070147306483,10 711.330177375715,301.085064725245,10 715.894676816711,301.102890664611,10 720.459180733695,301.123958058766,10 725.023737926235,301.148570726641,10 729.588395620156,301.177004337143,10 734.153199441506,301.209507183233,10 738.71819337936,301.246301964709,10 743.28341979843,301.287586213802,10 747.848919440817,301.33353352919,10 752.414731440812,301.38429466587,10 756.980893348457,301.439998568637,10 761.547441159718,301.500753369089,10 766.114409352035,301.566647339692,10 770.681830924111,301.637749800665,10 775.24973743893,301.714111977451,10 779.818125771473,301.794433240028,10 784.387040991301,301.876124086675,10 788.955798769267,301.959095656391,10 793.524362317862,302.043246767754,10 798.092865247033,302.12845482903,10 802.661434620185,302.214599818584,10 807.230190822018,302.301563927104,10 811.799247534033,302.389231253133,10 816.368711801917,302.477487554694,10 820.938684179856,302.566220058915,10 825.509258937833,302.655317330984,10 830.080524319212,302.744669203323,10 834.652562837139,302.834166765584,10 839.225451599599,302.92370241598,10 843.799262654198,303.013169974415,10 848.374063344941,303.102464858017,10 852.949916674389,303.191484319774,10 857.526881665522,303.280127751253,10 862.105013718628,303.368297050554,10 866.684312986739,303.455895475096,10 871.264882268922,303.542869250026,10 875.845311050203,303.629416519109,10 880.425374228617,303.715195426934,10 885.005206490388,303.799756865311,10 889.584937061014,303.882711246082,10 894.164688984561,303.963722962153,10 898.744578680667,304.042502937673,10 903.324715644272,304.118808839822,10 907.90520246394,304.192432766947,10 912.486134899189,304.263198304314,10 917.067602114677,304.330955666118,10 921.649687020007,304.395577281805,10 926.232466693128,304.456953845708,10 930.816012868076,304.51499083539,10 935.400769764608,304.569913561136,10 939.987177131267,304.621956469891,10 944.57524459289,304.671052101093,10 949.165159575695,304.717140514111,10 953.756629993099,304.760147575445,10 958.34967306515,304.79999585258,10 962.944310984256,304.836605132826,10 967.540563521886,304.869891048269,10 972.138448540106,304.899764463311,10 976.737982500117,304.9261310809,10 981.339180972175,304.948891250163,10 985.942059152167,304.967939962506,10 990.546632391005,304.983167027762,10 995.152916743866,304.994457426568,10 999.760929547107,305.00169184004,10 1004.37069003165,305.004747362838,10 1008.98221998247,305.003498411122,10 1013.59554445474,304.997817842653,10 1018.21069255849,304.987578312556,10 1022.82761647702,304.972652718438,10 1027.44656253535,304.952919222406,10 1032.06680005003,304.928198219373,10 1036.68823166881,304.898291473044,10 1041.31082812108,304.862992781449,10 1045.93455955263,304.822095604224,10 1050.5593956797,304.775384790096,10 1055.18530607978,304.722635958612,10 1059.81226061586,304.663617657099,10 1064.4402299289,304.598091791079,10 1069.06918605143,304.525814188662,10 1073.69910317334,304.446535345786,10 1078.32995859819,304.360001413631,10 1082.96173393769,304.265955508295,10 1087.59441660354,304.164139447019,10 1092.2280016699,304.054296046589,10 1096.86244986272,303.936172643082,10 1101.49781258567,303.809583041149,10 1106.1336066477,303.674476499122,10 1110.7697951588,303.530582382546,10 1115.4063266657,303.377603098407,10 1120.04315514485,303.215231280793,10 1124.68024284388,303.043149552294,10 1129.31756414114,302.861030489775,10 1133.95511079412,302.668536947304,10 1138.59289908923,302.465322971853,10 1143.23097960351,302.25103567338,10 1147.86945056538,302.025318602879,10 1152.5082262383,301.787827559464,10 1157.14820921202,301.538207021544,10 1161.78721459868,301.276423242553,10 1166.42470757802,301.002191531009,10 1171.06035477775,300.715126157761,10 1175.69376060099,300.41482993803,10 1180.32444998982,300.100900012473,10 1184.95184582937,299.772940358,10 1189.57523970059,299.430586927734,10 1194.19375519173,299.073556487582,10 1198.80617642245,298.701749144095,10 1203.41180836761,298.314930793896,10 1208.0098448463,297.911349912654,10 1212.5990594034,297.490010739824,10 1217.17788060016,297.050064097904,10 1221.74506165131,296.59092459722,10 1226.2981804003,296.113401377608,10 1230.85270175705,295.620558197856,10 1235.38056356722,295.107842748564,10 1239.85544087605,294.567799378109,10 1244.2252911331,294.005037466357,10 1248.56549520309,293.479693664753,10 1252.41656259019,293.061726360276,10 1255.03302606017,292.707897302938,10)"
        color="rgba(0,0,0,1)"/>
      <vertex
        id="1"
        position="1255.03 292.708"
        color="rgba(0,0,0,1)"/>
      <face
        id="56"
        cycles="[32+ 25- 35- 40+]"
        color="rgba(172,253,89,1)"/>
      <edge
        id="25"
        startvertex="18"
        endvertex="15"
        curve="xywdense(5 1253.17139640599,370.484239173864,10 1253.06995602526,375.327432770546,10 1252.99223239721,379.079222870633,10 1252.91329428655,382.838975471331,10 1252.83509653364,386.59808850016,10 1252.75922601581,390.357639445399,10 1252.68672715303,394.118768426294,10 1252.61801035687,397.882573236687,10 1252.55267541121,401.650108025608,10 1252.48997655993,405.420011940097,10 1252.43032134906,409.190056577869,10 1252.37415477579,412.961026899832,10 1252.32188516982,416.733675576001,10 1252.27391636127,420.508401863025,10 1252.23066438553,424.286872490334,10 1252.19239262779,428.065094080164,10 1252.15901806784,431.842056673342,10 1252.13072007805,435.618310436616,10 1252.10800903572,439.393960879716,10 1252.09173569865,443.170701684642,10 1252.08220613986,446.943225823811,10 1252.08009948671,449.381560544685,10)"
        color="rgba(0,0,0,1)"/>
      <face
        id="57"
        cycles="[32- 43+ 50+ 53-]"
        color="rgba(211,89,253,1)"/>
      <edge
        id="32"
        startvertex="30"
        endvertex="15"
        curve="xywdense(5 119.896130106094,437.710029229414,10 122.442664452904,437.57729820969,10 125.610213044311,437.415607718023,10 130.57832820287,437.183931541509,10 135.547837492046,436.97246093481,10 140.518319979036,436.779765526988,10 145.488803860196,436.604320151308,10 150.459664436718,436.447377975809,10 155.431176654276,436.309261525363,10 160.403442747766,436.189572152476,10 165.376463633852,436.087548997511,10 170.350182743314,436.002270285795,10 175.324512696403,435.932763362188,10 180.299327202713,435.878084282483,10 185.273971174383,435.837980574069,10 190.248261351871,435.812137106659,10 195.222256496245,435.799839183597,10 200.19598155904,435.800245475435,10 205.169438082946,435.812460159605,10 210.142611869601,435.835577727793,10 215.115478561248,435.868709748346,10 220.088007660904,435.910999915062,10 225.060148165926,435.961643337754,10 230.031461998122,436.020158455544,10 235.001822560783,436.085917028295,10 239.971286030701,436.158169925896,10 244.939894889923,436.236186232913,10 249.907680875625,436.319261770462,10 254.874667403272,436.406723795598,10 259.840871530303,436.497933112807,10 264.806305530111,436.592284483573,10 269.770978141966,436.689205960272,10 274.734895555172,436.788157580768,10 279.698062177527,436.888629723394,10 284.660396121098,436.990064087187,10 289.621519244093,437.09165516264,10 294.58141883372,437.192948768161,10 299.540129758848,437.293561942469,10 304.497683355354,437.393136457955,10 309.45410767326,437.491338269551,10 314.409427723352,437.587856906046,10 319.363665715047,437.682404883126,10 324.316841281205,437.774717194406,10 329.268971688532,437.864550919796,10 334.220072034333,437.951684978093,10 339.170155431955,438.035920041786,10 344.119220445521,438.117078893798,10 349.066915289652,438.194962151281,10 354.013108210521,438.269274171615,10 358.957838708296,438.339765952451,10 363.90114302619,438.406257439803,10 368.843054219687,438.46863233973,10 373.783602343042,438.526833721067,10 378.722814745666,438.580860344209,10 383.66071647472,438.630763636302,10 388.597330783696,438.676645221348,10 393.53267974984,438.718654903019,10 398.466785006025,438.756988987098,10 403.399668594981,438.791888818404,10 408.331139770635,438.823782860955,10 413.260920658688,438.853108136099,10 418.189122292752,438.880042375662,10 423.115862717407,438.904843521605,10 428.041262499245,438.927846180003,10 432.965446301923,438.949449332727,10 437.888544525551,438.970105089066,10 442.810695062655,438.990306398344,10 447.732045117801,439.010573470351,10 452.652753026549,439.031438653021,10 457.573104690773,439.054079279401,10 462.493251086009,439.079648786742,10 467.41355844781,439.108535969165,10 472.332109557689,439.140640680291,10 477.248870081512,439.176049318959,10 482.163907746366,439.214913741912,10 487.07729035224,439.257384077401,10 491.989086917255,439.303594210614,10 496.899368917258,439.353646615285,10 501.808211587527,439.40759645594,10 506.715695253105,439.465434902394,10 511.62190665275,439.527071628412,10 516.526940201395,439.592316760477,10 521.430850096333,439.66086746758,10 526.333884588016,439.732270004451,10 531.235533512513,439.806332075472,10 536.135692947213,439.883355546119,10 541.034461412396,439.963603493968,10 545.931944150703,440.047260889784,10 550.82825398842,440.134431406985,10 555.723512264142,440.22513406121,10 560.617848841828,440.319102455783,10 565.511385594092,440.412251224005,10 570.404268133609,440.502896497194,10 575.296662463132,440.590815802196,10 580.188748293137,440.675679259828,10 585.080709529076,440.757045231915,10 589.972480830909,440.834486344093,10 594.863600439146,440.908338322606,10 599.754168666109,440.979161775344,10 604.644311274617,441.047390584539,10 609.534175667721,441.113344071072,10 614.423929427734,441.177240588268,10 619.313758991807,441.239210904477,10 624.203868438654,441.299311301877,10 629.094478348999,441.357536368352,10 633.985824691673,441.413831498484,10 638.878157678019,441.468105149183,10 643.771555686802,441.520237986542,10 648.666650769958,441.570109086028,10 653.561141211416,441.617649873055,10 658.454869707598,441.662913812369,10 663.348008309647,441.705894678505,10 668.2407312881,441.746528907002,10 673.133212661444,441.784713792165,10 678.025623957683,441.820324973997,10 682.918132151194,441.853233250794,10 687.810897715238,441.883320786116,10 692.704072730976,441.910496796254,10 697.597798996793,441.934712807669,10 702.492149923733,441.955974914791,10 707.387170927882,441.974393715044,10 712.281881723877,441.989767513271,10 717.176495135856,442.001335720539,10 722.071261159364,442.00839591827,10 726.966408718673,442.01034859375,10 731.862145595789,442.006699378865,10 736.758658472186,441.997060668249,10 741.656113014057,441.981152881583,10 746.554653942844,441.958805585583,10 751.454405043575,441.929958639781,10 756.35541054188,441.894662352744,10 761.257694227297,441.853074689372,10 766.160132192236,441.805041462361,10 771.062780171041,441.750103827173,10 775.965740481479,441.68797990917,10 780.869092056535,441.618572631818,10 785.772890822418,441.54195245803,10 790.677170307911,441.458340636604,10 795.581942442624,441.36809318986,10 800.487198509345,441.271685767461,10 805.392910224288,441.169699396699,10 810.299021018968,441.06280715689,10 815.205421711545,440.951724458704,10 820.111724495278,440.836866430918,10 825.017993607784,440.718617634998,10 829.924314419399,440.597538591779,10 834.830749827526,440.474330238269,10 839.737342081636,440.349802390558,10 844.644115009705,440.224844044269,10 849.551076540003,440.100395502369,10 854.458221426333,439.977422204236,10 859.365524836188,439.856890382848,10 864.272979733267,439.739736470341,10 869.180181317918,439.626646427647,10 874.087052220664,439.518321632512,10 878.993694546225,439.415628982737,10 883.900198573033,439.319499322203,10 888.806645604462,439.23088940223,10 893.713111192984,439.150747157647,10 898.619668570142,439.079980076256,10 903.526392140169,439.019426328369,10 908.433227655557,438.969832866727,10 913.340336731397,438.931837839257,10 918.245344801915,438.906107697101,10 923.148151240767,438.893046723432,10 928.048890175034,438.893021520825,10 932.947730410909,438.906243547758,10 937.847707235253,438.923492303731,10 942.750519253958,438.939806670276,10 947.655993611013,438.956238384,10 952.563967809871,438.973700310906,10 957.474271069781,438.99295115413,10 962.386258428375,439.014722501848,10 967.298562560761,439.039878550471,10 972.211327311858,439.068938841247,10 977.124715890801,439.102314463068,10 982.038875690872,439.140314601007,10 986.953939844038,439.183143628845,10 991.870029510765,439.230899712873,10 996.787256617973,439.28357465237,10 1001.7057268096,439.34105477161,10 1006.62547861045,439.403124424529,10 1011.54662624574,439.46930853428,10 1016.46747486301,439.538558076613,10 1021.38777460695,439.611875823518,10 1026.30762897079,439.690303997122,10 1031.22718040496,439.774535400576,10 1036.14660112857,439.864952961277,10 1041.06608001118,439.961703662813,10 1045.98581474209,440.064747516984,10 1050.90600478903,440.173908054653,10 1055.82684550157,440.288920230582,10 1060.74852244374,440.409475631064,10 1065.67131332089,440.535376115686,10 1070.59503534353,440.663741418079,10 1075.51951203735,440.792141107591,10 1080.44489943336,440.919931395255,10 1085.37135660511,441.046480393174,10 1090.29904268368,441.171221720637,10 1095.22812158853,441.293651681292,10 1100.15876149038,441.413367258116,10 1105.09100567941,441.530088502101,10 1110.02540215016,441.643749255831,10 1114.96057625654,441.753458130415,10 1119.89603220447,441.858157773055,10 1124.83183329058,441.957143676077,10 1129.76806109435,442.049728132279,10 1134.70482117656,442.135252557165,10 1139.64225003173,442.213104677425,10 1144.58052357566,442.282742301994,10 1149.51986767974,442.343723502384,10 1154.46028175649,442.395733361486,10 1159.40267906375,442.438638198257,10 1164.34401450312,442.471410784258,10 1169.28395746664,442.493220360245,10 1174.22234493663,442.503325518129,10 1179.15901164488,442.519261661169,10 1184.08800736508,442.577592458102,10 1189.00351037424,442.696581380689,10 1193.90551918216,442.875425545443,10 1198.79423476968,443.113536723968,10 1203.66965522158,443.410449875453,10 1208.53200397838,443.765070973875,10 1213.38156172453,444.176187942435,10 1218.21876442478,444.642510194282,10 1223.04429854298,445.162698497389,10 1227.8588284046,445.735359196668,10 1232.66538009544,446.359392381588,10 1237.4606411103,447.033035035255,10 1242.24245261607,447.754121805137,10 1247.01011704829,448.519898419864,10 1249.84308689574,448.998590748606,10 1252.08009948671,449.381560544685,10)"
        color="rgba(0,0,0,1)"/>
      <edge
        id="53"
        startvertex="15"
        endvertex="49"
        curve="xywdense(5 1252.08009948671,449.381560544685,10 1252.90485124145,452.956123393678,10 1253.4676296233,456.589881834643,10 1253.87107846574,460.255537610583,10 1254.14644030952,463.949306554822,10 1254.34375618814,467.644692717563,10 1254.48376666281,471.342902186384,10 1254.58395667703,475.040926110031,10 1254.65686630157,478.735041744265,10 1254.71253041913,482.429470325694,10 1254.7579954195,486.120685189423,10 1254.80149113424,489.807918122577,10 1254.84630327373,493.493507733706,10 1254.89284067009,497.175454934765,10 1254.94365053819,500.850345518168,10 1254.99793720553,504.519871767635,10 1255.05101473256,508.184323718548,10 1255.09782108027,511.838624956569,10 1255.12816185468,514.937005697949,10)"
        color="rgba(0,0,0,1)"/>
      <vertex
        id="15"
        position="1252.08 449.382"
        color="rgba(0,0,0,1)"/>
      <edge
        id="35"
        startvertex="33"
        endvertex="18"
        curve="xywdense(5 114.681001246877,366.123550103244,10 118.002798496918,366.182503932267,10 122.862100043889,366.303042521309,10 127.702482757781,366.452266361716,10 132.524188721712,366.62477929694,10 137.327153124563,366.815362293925,10 142.110029844024,367.019151071712,10 146.872635007169,367.231586346847,10 151.615209717389,367.44824638113,10 156.337883516153,367.664940586704,10 161.040464215542,367.877747332689,10 165.722041022667,368.082904014009,10 170.382897915955,368.27719911907,10 175.023686336834,368.458339101706,10 179.654176803586,368.624638634276,10 184.282109874959,368.772002578165,10 188.907679603715,368.900264562382,10 193.532553357139,369.010418688202,10 198.159075097427,369.104889582412,10 202.789204084586,369.187380417405,10 207.426604348142,369.261357329458,10 212.059221885862,369.324909830561,10 216.686970571871,369.379182613021,10 221.309961758048,369.425696840784,10 225.92834550676,369.465378383797,10 230.542213163203,369.497890323356,10 235.151520860211,369.522206375546,10 239.756263470589,369.539359554433,10 244.357096383339,369.550281865748,10 248.954746039375,369.555673513233,10 253.550004317041,369.555702502373,10 258.143672416814,369.549643821254,10 262.736401109446,369.535495660997,10 267.327034152414,369.511726464162,10 271.91249322061,369.480424362996,10 276.493195289232,369.442648565286,10 281.069603961421,369.399762341519,10 285.642261866393,369.353426761812,10 290.211795394994,369.305568764747,10 294.776873964621,369.256585973615,10 299.319601990252,369.193130320329,10 303.840162762022,369.116177949007,10 308.337319434608,369.028734322752,10 312.814447642996,368.934380455983,10 317.274821886394,368.836884949869,10 321.721550871253,368.739933267408,10 326.157586123201,368.647071700415,10 330.585733976441,368.561652588538,10 335.008670618503,368.486787373798,10 339.428788821754,368.425300858848,10 343.84901213133,368.379636255826,10 348.27031618049,368.351110561289,10 352.688593979581,368.328573333168,10 357.101550441216,368.306380335267,10 361.510146234247,368.285079008546,10 365.916308579623,368.266721682095,10 370.321872224614,368.253086375313,10 374.728671430328,368.245826071897,10 379.138008932606,368.246310971791,10 383.552108925163,368.255526976099,10 387.965967535565,368.27474704344,10 392.379833002958,368.305096554908,10 396.794115075497,368.347359449301,10 401.209117443682,368.402013360993,10 405.625050008622,368.469244346634,10 410.0420398791,368.54896410089,10 414.460139850303,368.640840781236,10 418.879336517764,368.744291980414,10 423.299248037421,368.858531653851,10 427.720579257776,368.982656338609,10 432.138673117051,369.115782677482,10 436.550942937259,369.257156899682,10 440.956265515682,369.405626909996,10 445.353442228498,369.559664548662,10 449.741199850944,369.717395248012,10 454.118190343264,369.876628293058,10 458.482989178285,370.034888702532,10 462.834091672623,370.189451898746,10 467.169906668496,370.33738242908,10 471.488631349129,370.475574100429,10 475.788799796694,370.600826866776,10 480.066449494577,370.710802022445,10 484.322314835857,370.80661973371,10 488.574410428472,370.900865922746,10 492.825968770277,370.994921240772,10 497.078010567166,371.088378469192,10 501.33161299906,371.18079471927,10 505.587894761833,371.271757829115,10 509.847999171243,371.360956898889,10 514.113074888188,371.448257415938,10 518.38398698012,371.533752076085,10 522.662083674262,371.617892753637,10 526.94443362608,371.700394084659,10 531.231692798293,371.780968265436,10 535.522560896922,371.861398012059,10 539.814645206887,371.944528742196,10 544.108595351338,372.030459588705,10 548.40505648978,372.119434553763,10 552.704631836467,372.211920075515,10 557.007870277285,372.308660191811,10 561.315253712783,372.410732717486,10 565.627150197924,372.514803680904,10 569.943428605122,372.613999986011,10 574.264095499149,372.707238014857,10 578.589902040558,372.793644637874,10 582.921568481528,372.872536690035,10 587.259785207963,372.943433325551,10 591.605213636925,373.006069130261,10 595.958487438056,373.060406415982,10 600.320213978227,373.106646779029,10 604.690975906955,373.145241841963,10 609.071170694213,373.176893420785,10 613.461353379791,373.20253896011,10 617.859362064891,373.222604662147,10 622.265604731497,373.237433786048,10 626.680585364282,373.247560517004,10 631.104787176847,373.253698590701,10 635.538677317077,373.256729872639,10 639.982712129358,373.257683405843,10 644.437342056835,373.257718407441,10 648.903016475315,373.25810408237,10 653.380083746176,373.260197201784,10 657.869281879249,373.265418373554,10 662.36964723706,373.275144872731,10 666.878755539908,373.28668204521,10 671.395140516573,373.298264417626,10 675.919009697109,373.310884478064,10 680.450568748017,373.325522399535,10 684.990022687218,373.343118491261,10 689.537576304628,373.36454415797,10 694.093433630834,373.390571195391,10 698.657796296137,373.421839289096,10 703.230851620198,373.458822232244,10 707.812287315399,373.501923672788,10 712.401485377096,373.552129913527,10 716.998731657754,373.610597334386,10 721.604268694981,373.678316429562,10 726.215931129447,373.751303709566,10 730.832398350972,373.827197961231,10 735.453751883915,373.906373069273,10 740.080055859709,373.989042129419,10 744.711354256937,374.075238200896,10 749.347646698007,374.164794765382,10 753.988915880542,374.257331972844,10 758.634171244546,374.351819427834,10 763.279202390912,374.441687345206,10 767.923482694132,374.526248063685,10 772.567348638211,374.606146180575,10 777.211119860846,374.681920614815,10 781.855099896719,374.754005036649,10 786.499576723549,374.822724766167,10 791.144823027781,374.888292481195,10 795.791096111327,374.950802642131,10 800.438637367393,375.010224602173,10 805.087660207823,375.066394915035,10 809.737663400512,375.119074863228,10 814.387644399039,375.168296522446,10 819.037809249655,375.214184720444,10 823.688357065513,375.256859766751,10 828.339476751307,375.296437055102,10 832.991347529046,375.333016694621,10 837.644140007471,375.366690019528,10 842.298017052515,375.397540413402,10 846.953134580853,375.425644191998,10 851.609642232915,375.451071581035,10 856.267665398067,375.47388772955,10 860.926136114122,375.494254649436,10 865.583073858528,375.511947045678,10 870.238516350649,375.526386441901,10 874.892504473131,375.537147493868,10 879.545072546783,375.543948372912,10 884.196246150766,375.546637770018,10 888.846040482316,375.54518332055,10 893.494459231829,375.539661751782,10 898.141471136174,375.530250386859,10 902.78710391442,375.517225873905,10 907.430563551281,375.500907684626,10 912.071677819038,375.481316511672,10 916.710647533267,375.458442636881,10 921.347652526352,375.432329814793,10 925.982850152342,375.403060647727,10 930.61637480343,375.370743642626,10 935.248337737235,375.335777504998,10 939.878804017054,375.313608751243,10 944.507839808454,375.312158615699,10 949.13540953908,375.330132995673,10 953.760866442753,375.366117758217,10 958.384572814196,375.418732094216,10 963.006991258756,375.486597940016,10 967.628528394765,375.568317095755,10 972.249536976004,375.662456506063,10 976.870319412277,375.767535905659,10 981.491132191688,375.882017197199,10 986.112060476765,376.004294089876,10 990.733309916659,376.132634200979,10 995.352261865351,376.265332021641,10 999.968914725029,376.401471510175,10 1004.58354623513,376.539996835081,10 1009.19637540598,376.679619123526,10 1013.8075676003,376.81884756133,10 1018.41724121076,376.956019003917,10 1023.02547529957,377.089324998427,10 1027.6321016807,377.216835407863,10 1032.23729993152,377.336390020162,10 1036.83692906596,377.445514269358,10 1041.43092287991,377.543351471371,10 1046.01967881671,377.629017689544,10 1050.60348977999,377.701367983262,10 1055.18255270275,377.759059231139,10 1059.75697989466,377.800608777555,10 1064.32681184016,377.824447638322,10 1068.8919658056,377.828966945437,10 1073.45223684562,377.812749553505,10 1078.0095763782,377.784899129932,10 1082.56858424834,377.752924119,10 1087.12964507637,377.714480711368,10 1091.69319348393,377.668009487436,10 1096.25969270222,377.612585999587,10 1100.8296216028,377.547786081026,10 1105.40338847608,377.473571346275,10 1109.97966641135,377.390312932589,10 1114.55387370951,377.296868174909,10 1119.12684419043,377.191311502192,10 1123.70218693798,377.077470924855,10 1128.28346996506,376.960184356423,10 1132.87161210122,376.840613528719,10 1137.46736886443,376.720242144822,10 1142.07156997962,376.600644835773,10 1146.68390490192,376.48318268556,10 1151.30413156165,376.36885942716,10 1155.93238222105,376.258431158208,10 1160.56869997169,376.152349819815,10 1165.21305569967,376.050751176394,10 1169.86535395494,375.953449614216,10 1174.52549540675,375.859932837317,10 1179.19342565959,375.769539908111,10 1183.86915439764,375.669265391736,10 1188.55258041107,375.545619172727,10 1193.24357305399,375.396873055766,10 1197.94180702755,375.22095729145,10 1202.64794720265,375.015374798292,10 1207.35998513054,374.779274866632,10 1212.0774766386,374.511322054672,10 1216.80018320597,374.209661239229,10 1221.52805535478,373.87232756514,10 1226.26113662946,373.497292676329,10 1231.00027723003,373.082096228875,10 1235.74190966629,372.623077527392,10 1240.48630805744,372.116335745912,10 1245.23339881327,371.557199524253,10 1249.99259611014,370.938962958053,10 1253.17139640599,370.484239173864,10)"
        color="rgba(0,0,0,1)"/>
      <vertex
        id="18"
        position="1253.17 370.484"
        color="rgba(0,0,0,1)"/>
      <edge
        id="39"
        startvertex="27"
        endvertex="33"
        curve="xywdense(5 107.547911701664,307.170085885214,10 107.912587896823,309.764206451673,10 108.427659871959,313.453399571625,10 108.93910988125,317.141144066223,10 109.445776260675,320.830077088216,10 109.945996266807,324.523235348281,10 110.437957845522,328.222961077137,10 110.92099491751,331.935763990249,10 111.392076743915,335.650844886771,10 111.849350699092,339.36684929102,10 112.29151896014,343.085397567883,10 112.717745869644,346.808019470559,10 113.127990349627,350.536172429407,10 113.523227260234,354.270735361695,10 113.905724280344,358.013048995617,10 114.273764455357,361.755272685866,10 114.681001246877,366.123550103244,10)"
        color="rgba(0,0,0,1)"/>
      <vertex
        id="27"
        position="107.548 307.17"
        color="rgba(0,0,0,1)"/>
      <edge
        id="40"
        startvertex="33"
        endvertex="30"
        curve="xywdense(5 114.681001246877,366.123550103244,10 114.959341259461,369.242606236203,10 115.276870613578,372.98942455858,10 115.579490623911,376.739152237275,10 115.869515713475,380.490957500197,10 116.146998503547,384.242385104766,10 116.411678340566,387.995025452576,10 116.664675965214,391.750371318146,10 116.907807736298,395.509779546085,10 117.142866655943,399.274690485004,10 117.370260489986,403.039834948081,10 117.593581336087,406.800945806994,10 117.818804618012,410.559568096468,10 118.051404992549,414.31694476175,10 118.295739804522,418.073839729535,10 118.554192004799,421.828629935839,10 118.829969472854,425.572107138648,10 119.128366203987,429.305963028175,10 119.451794562042,433.03204306767,10 119.896130106094,437.710029229414,10)"
        color="rgba(0,0,0,1)"/>
      <edge
        id="43"
        startvertex="30"
        endvertex="42"
        curve="xywdense(5 119.896130106094,437.710029229414,10 119.781226381735,442.024164494389,10 119.714995112759,444.836392818561,10 119.64913372014,447.835284827837,10 119.590827375439,450.739693700447,10 119.537189102846,453.642730340215,10 119.487950151948,456.543602558272,10 119.442440780054,459.442870903772,10 119.400037534932,462.34005742724,10 119.360332498579,465.237483066468,10 119.322712644721,468.136941353979,10 119.287169675239,471.039535191735,10 119.253569190878,473.948427108775,10 119.221676420611,476.859231371501,10 119.191422074291,479.767230731851,10 119.162175250161,482.676581784155,10 119.133065717133,485.589316542251,10 119.104742106882,488.507090971422,10 119.077359252056,491.43277623591,10 119.051528352078,494.36475901946,10 119.0282053737,497.303824179385,10 119.006510951802,500.245649190593,10 118.985412431742,503.234449053319,10 118.966325553913,506.125395291491,10 118.950670512357,508.855110129296,10 118.937401320172,511.223456689639,10)"
        color="rgba(0,0,0,1)"/>
      <vertex
        id="30"
        position="119.896 437.71"
        color="rgba(0,0,0,1)"/>
      <vertex
        id="33"
        position="114.681 366.124"
        color="rgba(0,0,0,1)"/>
      <edge
        id="50"
        startvertex="42"
        endvertex="49"
        curve="xywdense(5 118.937401320172,511.223456689639,10 121.247222338963,511.370610529554,10 124.142168692712,511.551987310306,10 128.823171372371,511.825770837005,10 133.51194434808,512.080227254968,10 138.208060183729,512.316027125366,10 142.91102782506,512.533997835873,10 147.620318694909,512.73505590215,10 152.335384034827,512.920163853392,10 157.055666384321,513.09030295335,10 161.780607191976,513.246456002449,10 166.509651887606,513.389596528726,10 171.242253287384,513.520682024516,10 175.977873900518,513.640649747362,10 180.715987508146,513.750414147972,10 185.456080256754,513.850865330812,10 190.19765142532,513.942868169034,10 194.940213971333,514.027261832153,10 199.683294925618,514.104859571684,10 204.426378081906,514.176585804577,10 209.16864016499,514.244037748895,10 213.909643976718,514.30781595712,10 218.649039850445,514.368355679221,10 223.386483300449,514.426124313602,10 228.121636524608,514.481610542413,10 232.854169720877,514.535315406182,10 237.583762225464,514.587745025914,10 242.310103487398,514.63940470129,10 247.032893897069,514.690794144553,10 251.751845486747,514.742403643535,10 256.466682520337,514.794710980068,10 261.177141988078,514.848178959772,10 265.882974020139,514.903253434956,10 270.583942231315,514.960361724416,10 275.279824007246,515.019911352105,10 279.970410741128,515.082289041761,10 284.655508028455,515.147859916807,10 289.33493582618,515.216966864809,10 294.008529691456,515.289927756316,10 298.680593673997,515.357897177056,10 303.354824036907,515.413295546006,10 308.030586215886,515.45743626503,10 312.707270633018,515.491582761238,10 317.384293215895,515.51694817069,10 322.060997641698,515.535041341703,10 326.73666672071,515.547558750643,10 331.410832472106,515.555319628276,10 336.083056288703,515.559106355177,10 340.753137764061,515.559334543267,10 345.42089993038,515.556400277526,10 350.085972981469,515.551030176114,10 354.748009945767,515.54392642651,10 359.406687063172,515.535763798984,10 364.061704098678,515.52718707549,10 368.712784595974,515.518808851564,10 373.359676074599,515.511207671311,10 378.002150174541,515.50492645845,10 382.640002752291,515.500471209447,10 387.273053932414,515.498309917758,10 391.901148118714,515.498871701198,10 396.524153968919,515.502546107218,10 401.14196433678,515.509682573515,10 405.754496185279,515.520590023792,10 410.3616904745,515.535536580735,10 414.963512027557,515.554749380223,10 419.559949377792,515.578414472658,10 424.151014600288,515.606676798885,10 428.73674313057,515.639640229643,10 433.317193573186,515.677367658805,10 437.892447502751,515.719881141774,10 442.462578469316,515.7670733619,10 447.027555333055,515.818421663808,10 451.587524734965,515.87380150841,10 456.142679841256,515.933123054895,10 460.693234054807,515.996256515418,10 465.239420934373,516.063032108371,10 469.78149411515,516.133240075499,10 474.319727231774,516.206630753062,10 478.854413844978,516.282914688064,10 483.385867373195,516.361762791433,10 487.914421030513,516.442806520781,10 492.440427772424,516.525638086089,10 496.964260250836,516.609810672298,10 501.486310779851,516.694838673365,10 506.006991313847,516.780197932801,10 510.526733439387,516.865325986183,10 515.045988382519,516.949622301421,10 519.565227033066,517.03244851286,10 524.084939987485,517.113128645515,10 528.60563761197,517.190949325818,10 533.127850127489,517.265159975386,10 537.652127718505,517.334972984257,10 542.179040667254,517.399563860031,10 546.709179515481,517.458071349161,10 551.243155255724,517.509597526517,10 555.781514566704,517.553003653091,10 560.324813649952,517.587090873313,10 564.873741218081,517.610895024626,10 569.429006959812,517.623415664046,10 573.991341602564,517.623614875178,10 578.561497360016,517.610416860797,10 583.136013820037,517.589571993834,10 587.706674284862,517.574517500778,10 592.273330297668,517.565592662262,10 596.836090238914,517.562712618368,10 601.39507095171,517.565771227168,10 605.950397757926,517.574641073136,10 610.502204474213,517.5891734883,10 615.05063342815,517.6091985841,10 619.59583547475,517.634525292089,10 624.137970013605,517.664941411855,10 628.677205006936,517.70021366468,10 633.213716998879,517.740087751652,10 637.747691136292,517.784288415064,10 642.279321191426,517.832519502112,10 646.808809586774,517.884464029952,10 651.336367422448,517.939784251377,10 655.862214506415,517.998121720384,10 660.386579387342,518.059097332161,10 664.909699393166,518.122311454196,10 669.431793812895,518.187332582086,10 673.952977152473,518.253651833507,10 678.473505001532,518.320785367002,10 682.993663959692,518.388241661619,10 687.513749119502,518.455512505734,10 692.034064123061,518.522072633687,10 696.554921227799,518.587379382476,10 701.076641381278,518.650872372032,10 705.599554304869,518.711973207934,10 710.123998586156,518.770085205288,10 714.650321779983,518.824593132465,10 719.178880518067,518.874862973275,10 723.710040627112,518.920241706183,10 728.244177255403,518.960057099105,10 732.781675007854,518.993617518336,10 737.32292808949,519.020211750194,10 741.868340457378,519.039108833945,10 746.418325981005,519.049557904618,10 750.973308611109,519.050788044371,10 755.533722556962,519.042008141057,10 760.100012472123,519.02240675273,10 764.672633648638,518.991151976839,10 769.252052219677,518.947391322913,10 773.838745370565,518.890251587581,10 778.433201558182,518.818838730817,10 783.03591961273,518.732243501174,10 787.645060753681,518.634664640827,10 792.254518391675,518.538576338158,10 796.863940874857,518.444527754761,10 801.473357416311,518.35232501397,10 806.082798268687,518.261794391512,10 810.692294545822,518.172781094853,10 815.301878060487,518.085148037486,10 819.91158117794,517.99877461736,10 824.521436684762,517.913555507488,10 829.131477672337,517.829399465674,10 833.741737434243,517.746228169289,10 838.352249376697,517.663975080094,10 842.963046941184,517.582584343257,10 847.574163538267,517.502009723964,10 852.1856324916,517.422213584343,10 856.797486991095,517.34316590283,10 861.409760054194,517.264843337612,10 866.022484494156,517.187228335343,10 870.635692894304,517.110308285957,10 875.249417587115,517.034074724154,10 879.863690637115,516.958522577877,10 884.47854382646,516.883649463933,10 889.094008642162,516.809455030827,10 893.710116263887,516.735940348785,10 898.326897551271,516.663107346948,10 902.944366180709,516.590958665636,10 907.562307630345,516.519438570454,10 912.180001177689,516.448453991737,10 916.797450540032,516.378071283877,10 921.414670523045,516.308361473839,10 926.031675136482,516.239392820922,10 930.648477545874,516.171230044,10 935.265090035564,516.103933624697,10 939.88152398207,516.037559184,10 944.497789836738,515.972156929208,10 949.113897116697,515.907771167828,10 953.729854403171,515.844439884727,10 958.345669346208,515.7821943788,10 962.961348675043,515.72105895537,10 967.576898213264,515.661050670666,10 972.192322898079,515.602179124858,10 976.80762680306,515.544446300408,10 981.422813163771,515.487846442764,10 986.037884405762,515.432365980785,10 990.652842174519,515.377983484665,10 995.267677093979,515.324669995823,10 999.882387716734,515.272330146722,10 1004.49651356437,515.220324156277,10 1009.10994447572,515.16886686959,10 1013.72270046806,515.118397744718,10 1018.33480467175,515.069298320595,10 1022.94628279043,515.021895120723,10 1027.55716259662,514.976462800451,10 1032.16747346654,514.933227466126,10 1036.77724595612,514.892370102498,10 1041.38651141982,514.854030053058,10 1045.99530167208,514.818308506108,10 1050.603648691,514.785271947179,10 1055.21158436277,514.754955545741,10 1059.81914026506,514.727366450958,10 1064.42634748702,514.702486977391,10 1069.03323648339,514.680277667066,10 1073.6398369599,514.66068021919,10 1078.24617778722,514.643620283048,10 1082.85228694044,514.62901011321,10 1087.45819146139,514.616751089265,10 1092.0639155485,514.606736092492,10 1096.66903747517,514.598820497878,10 1101.27295692878,514.593050167466,10 1105.87578148131,514.589601111953,10 1110.47762147575,514.588577473196,10 1115.07858432782,514.59001848702,10 1119.67877357165,514.59390648351,10 1124.27828809582,514.60017465584,10 1128.87722155502,514.608714502032,10 1133.47566194127,514.619382869595,10 1138.07369129682,514.632008555731,10 1142.67138555095,514.64639843552,10 1147.268814463,514.662343107242,10 1151.86604165462,514.679622057791,10 1156.46312471552,514.698008362216,10 1161.06011536807,514.717272940112,10 1165.65705967772,514.737188398019,10 1170.2539982976,514.757532491654,10 1174.85096673722,514.778091244855,10 1179.44799538133,514.798661933921,10 1184.04511962289,514.819040978335,10 1188.64250099573,514.83882611325,10 1193.24021109216,514.857723942082,10 1197.83826977567,514.87551868762,10 1202.4366946275,514.892006026937,10 1207.03550133478,514.906993749393,10 1211.63470406814,514.9203022977,10 1216.23431584929,514.931765218907,10 1220.83434890986,514.941229550314,10 1225.43481504283,514.948556163693,10 1230.03572594849,514.953620089805,10 1234.63709357709,514.956310844072,10 1239.23893047065,514.956532773443,10 1243.84125010636,514.954205443879,10 1248.44406724472,514.949264087621,10 1253.04739828521,514.941660129373,10 1255.12816185468,514.937005697949,10)"
        color="rgba(0,0,0,1)"/>
      <vertex
        id="42"
        position="118.937 511.223"
        color="rgba(0,0,0,1)"/>
      <vertex
        id="49"
        position="1255.13 514.937"
        color="rgba(0,0,0,1)"/>
      <face
        id="58"
        frame="1"
        cycles="[68+ 59- 60- 70+]"
        color="rgba(253,247,89,1)"/>
      <edge
        id="59"
        frame="1"
        startvertex="61"
        endvertex="69"
        curve="xywdense(5 1186.67365513471,287.825085093976,10 1186.64136391769,291.450477293212,10 1186.61167675407,295.229683464698,10 1186.58310143879,299.007018639646,10 1186.55182028101,302.780165561027,10 1186.51454778767,306.549507660153,10 1186.46886509784,310.31520189591,10 1186.41356001683,314.078588747078,10 1186.34831071548,317.839330962863,10 1186.27241120352,321.598731148996,10 1186.18557687038,325.358352291413,10 1186.08805447413,329.120104955276,10 1185.98048139783,332.885107548078,10 1185.86332211035,336.658740934067,10 1185.73767037597,340.428374338842,10 1185.60507463537,344.192815025217,10 1185.46761927966,347.952309680393,10 1185.32766047216,351.707082999969,10 1185.18747725473,355.457482516971,10 1185.0479207571,359.205139565479,10 1184.90914234445,362.952765663672,10 1184.81202548052,365.601426964902,10)"
        color="rgba(0,0,0,1)"/>
      <edge
        id="60"
        frame="1"
        startvertex="71"
        endvertex="61"
        curve="xywdense(5 249.350661405074,304.192960926749,10 252.704402458487,304.153903610609,10 256.455632208132,304.099712421949,10 260.208199157358,304.034323428336,10 263.961969045727,303.957568736784,10 267.716921948829,303.869305998524,10 271.473015290592,303.769253509372,10 275.230193122813,303.657042464138,10 278.988393394125,303.532267076164,10 282.74755169784,303.394507223357,10 286.507603517833,303.243341558116,10 290.268401674952,303.078292980204,10 294.029756776845,302.898999367534,10 297.792145690699,302.660044297308,10 301.556124154656,302.32055343537,10 305.321632428894,301.895151563691,10 309.088606599264,301.386323409974,10 312.856981206473,300.796511316185,10 316.626690212203,300.12812402419,10 320.397667654329,299.383542957939,10 324.169848075631,298.565126736674,10 327.943166786387,297.675214438238,10 331.717495982096,296.716290814217,10 335.492663836518,295.690974100982,10 339.268621171925,294.601541428805,10 343.045319769847,293.450243464702,10 346.822710110609,292.239322220166,10 350.600741391454,290.971005357089,10 354.379361695133,289.647507718194,10 358.158518087202,288.271032457667,10 361.938156657242,286.843771850462,10 365.718222516618,285.367907831129,10 369.498659763465,283.84561229035,10 373.279411424249,282.279047138146,10 377.060419380396,280.67036412584,10 380.841624288021,279.021704403513,10 384.622941949061,277.335201233807,10 388.404163022533,275.613010606997,10 392.185210428945,273.857276380847,10 395.966032896699,272.070114049398,10 399.746577040035,270.253611116411,10 403.52678768556,268.409824780759,10 407.306608252354,266.540778641968,10 411.085981199994,264.648458351215,10 414.864848558669,262.734806129661,10 418.643152554915,260.801714079603,10 422.420836345088,258.851016226505,10 426.197779312057,256.884448203894,10 429.973117038598,254.903318921247,10 433.746579033014,252.909135007183,10 437.518147821526,250.90341520185,10 441.28781214807,248.887557905267,10 445.055568357741,246.8628268664,10 448.821378143796,244.830362185964,10 452.585391529089,242.791051370431,10 456.347697201469,240.746638589457,10 460.108507189076,238.698888675424,10 463.867890805478,236.649238072885,10 467.625923841851,234.599092560897,10 471.382689295345,232.54982839617,10 475.138278109282,230.502793513742,10 478.892789914201,228.459308805996,10 482.646333755567,226.420669499435,10 486.39902879022,224.388146646664,10 490.151004924705,222.36298935353,10 493.902403391967,220.346424839693,10 497.653377192763,218.339661844908,10 501.404091403393,216.343892383636,10 505.15472329475,214.360293852708,10 508.905462218846,212.390031357693,10 512.656509216068,210.434260138196,10 516.407904743237,208.494215484547,10 520.160159026011,206.570892866398,10 523.911373099583,204.6664640897,10 527.661482065912,202.782088837738,10 531.410533389654,200.918866837488,10 535.158574935265,199.077902340848,10 538.905655108458,197.260306301695,10 542.651823029604,195.467196384779,10 546.397128664512,193.699700087775,10 550.141622972887,191.958956231187,10 553.885358048351,190.246116552445,10 557.628387246277,188.562347358148,10 561.370765297123,186.908831066592,10 565.112548400942,185.286767581448,10 568.853794298298,183.697375429222,10 572.594562312425,182.141892585239,10 576.334913357112,180.621576905669,10 580.074832462298,179.137733055672,10 583.814543254378,177.691506090542,10 587.553304781314,176.283529379675,10 591.291113274978,174.914403097062,10 595.028005878999,173.584844192296,10 598.764020773517,172.295573162234,10 602.49919726549,171.047311697443,10 606.233575894856,169.840780267001,10 609.96719855374,168.676695632368,10 613.700108615807,167.55576827917,10 617.432351072562,166.478699754258,10 621.163972673197,165.446179894366,10 624.895022064249,164.458883932078,10 628.625549925049,163.517469464772,10 632.355609094518,162.622573272681,10 636.08525468455,161.774807973348,10 639.814544174763,160.974758501582,10 643.54353748303,160.222978406652,10 647.272297005783,159.519985961924,10 651.000826866545,158.866271356632,10 654.729304433877,158.262232269438,10 658.457055656555,157.708222414807,10 662.184090119679,157.204479358211,10 665.910474571644,156.751243319598,10 669.636275546706,156.348743118769,10 673.361559364537,155.997192604217,10 677.08639213875,155.696787063155,10 680.810839789756,155.447699611572,10 684.534968057339,155.250077561176,10 688.258842508399,155.104038758637,10 691.982528535251,155.009667891741,10 695.706091339947,154.96701275682,10 699.429595900044,154.97608048232,10 703.153106911248,155.036833704407,10 706.876688702377,155.14918669238,10 710.60040511808,155.313001424171,10 714.324319364782,155.528083615566,10 718.048493815403,155.79417871087,10 721.772989768487,156.110967847752,10 725.497839510714,156.478063632912,10 729.222839384641,156.894987078965,10 732.947106270718,157.361564292914,10 736.670675963087,157.877994898411,10 740.393595506513,158.444434014017,10 744.115911077275,159.060981938957,10 747.837667883883,159.727684684486,10 751.558910091589,160.444534651367,10 755.279680768235,161.211471417959,10 759.000021849003,162.028382607373,10 762.719974123588,162.895104554785,10 766.439577215267,163.811423970908,10 770.158869604295,164.77707824477,10 773.877888642843,165.79175654433,10 777.596670581756,166.855100766399,10 781.315250605185,167.966706424053,10 785.033662871042,169.126123492067,10 788.75194055602,170.332857204666,10 792.470115904054,171.58636880205,10 796.188220277257,172.886076224169,10 799.906262014459,174.230003246865,10 803.624294493809,175.614862700342,10 807.34176907429,177.039638690674,10 811.058664557369,178.503452067867,10 814.775098761869,180.005428615176,10 818.491184426549,181.544672987507,10 822.207029106863,183.120267823756,10 825.922735159281,184.731272947557,10 829.638399800217,186.376724661037,10 833.354115227277,188.055635134255,10 837.06996879143,189.766991891358,10 840.786043209715,191.509757393288,10 844.502416809106,193.282868715981,10 848.219163793254,195.085237322388,10 851.936354524841,196.91574892629,10 855.654055817266,198.773263445739,10 859.372331230279,200.656615043916,10 863.091241365004,202.564612255369,10 866.810844154556,204.496038195741,10 870.531152927322,206.449627966512,10 874.252264532247,208.424174588213,10 877.973045732568,210.418065945555,10 881.693328925301,212.429595295649,10 885.41323946027,214.457071720925,10 889.132898212732,216.498838382643,10 892.852421017117,218.553266229609,10 896.571918340386,220.618745872386,10 900.291495048153,222.693687233873,10 904.011250477439,224.776506708875,10 907.731278523681,226.865623807754,10 911.451667861879,228.959455954977,10 915.172502250875,231.056413802853,10 918.893860902398,233.154897072001,10 922.615818899084,235.253290915814,10 926.338753261953,237.350440667222,10 930.063037763744,239.44517045539,10 933.788697986996,241.53577972151,10 937.515904186199,243.620624580747,10 941.244437554151,245.697803959598,10 944.974330760253,247.765521381184,10 948.705620813393,249.821949813505,10 952.438343059606,251.865226843473,10 956.172531596673,253.893454136905,10 959.908219685369,255.904697118023,10 963.645440161159,257.896984848473,10 967.384225850839,259.868310090294,10 971.124609999377,261.816629541745,10 974.866626712888,263.739864239372,10 978.610311424385,265.635900124207,10 982.355701389725,267.502588774593,10 986.102836221913,269.337748312869,10 989.851758472798,271.13916449811,10 993.602514272088,272.904592022294,10 997.355087505802,274.631724293744,10 1001.10970143705,276.318336837198,10 1004.86578531034,277.961758442852,10 1008.62328326836,279.559513088511,10 1012.38219497088,281.109112562382,10 1016.14251978236,282.608038446439,10 1019.90425687366,284.053733948566,10 1023.66740544226,285.443603392474,10 1027.43196504717,286.775014480804,10 1031.19793599679,288.045298815764,10 1034.9653198365,289.251752532418,10 1038.73411996158,290.391637080969,10 1042.50434238784,291.462180205274,10 1046.27599672005,292.460577178893,10 1050.04909736791,293.383992378136,10 1053.82366507176,294.229561294968,10 1057.59969268515,294.994385519383,10 1061.37724741301,295.675617588828,10 1065.15596156967,296.270428849097,10 1068.93582998234,296.775831419226,10 1072.71683542514,297.188779495071,10 1076.49896499053,297.506189444126,10 1080.28221238661,297.72493906804,10 1084.06658107053,297.841866689102,10 1087.85208852493,297.853770037571,10 1091.63877210223,297.75740492133,10 1095.42662356308,297.556168899483,10 1099.21491200167,297.322712709963,10 1103.00332963243,297.077478686879,10 1106.79260414057,296.820109642874,10 1110.58094310849,296.550575362783,10 1114.36789946066,296.268591878616,10 1118.15318897619,295.973773814232,10 1121.93647572683,295.665724429207,10 1125.71735800448,295.344041429547,10 1129.49534997431,295.008329519363,10 1133.26985811132,294.658225597312,10 1137.04015199859,294.293447670985,10 1140.80522595727,293.91389770581,10 1144.56449747784,293.519342544703,10 1148.31726549672,293.10803122259,10 1152.06249513302,292.678969470904,10 1155.79886943658,292.231310198242,10 1159.52533973379,291.764469642253,10 1163.23992352322,291.27926105332,10 1166.95532357964,290.778723854091,10 1170.648464765,290.258349783683,10 1174.29759920824,289.710722828557,10 1177.86019314552,289.140539214511,10 1181.39946738291,288.607839365931,10 1184.540989891,288.183365876537,10 1186.67365513471,287.825085093976,10)"
        color="rgba(0,0,0,1)"/>
      <vertex
        id="61"
        frame="1"
        position="1186.67 287.825"
        color="rgba(0,0,0,1)"/>
      <face
        id="62"
        frame="1"
        cycles="[65+ 63- 68- 72+]"
        color="rgba(172,253,89,1)"/>
      <edge
        id="63"
        frame="1"
        startvertex="69"
        endvertex="67"
        curve="xywdense(5 1184.81202548052,365.601426964902,10 1184.71058509979,370.444620561584,10 1184.63286147175,374.196410661671,10 1184.55392336109,377.956163262369,10 1184.47572560817,381.715276291198,10 1184.39985509034,385.474827236437,10 1184.32735622756,389.235956217332,10 1184.25863943141,392.999761027725,10 1184.19330448574,396.767295816646,10 1184.13060563446,400.537199731135,10 1184.07095042359,404.307244368907,10 1184.01478385032,408.07821469087,10 1183.96251424435,411.850863367039,10 1183.9145454358,415.625589654063,10 1183.87129346007,419.404060281372,10 1183.83302170233,423.182281871202,10 1183.79964714237,426.95924446438,10 1183.77134915259,430.735498227654,10 1183.74863811025,434.511148670754,10 1183.73236477318,438.28788947568,10 1183.72283521439,442.060413614849,10 1183.72072856124,444.498748335723,10)"
        color="rgba(0,0,0,1)"/>
      <face
        id="64"
        frame="1"
        cycles="[65- 73+ 76+ 66-]"
        color="rgba(211,89,253,1)"/>
      <edge
        id="65"
        frame="1"
        startvertex="74"
        endvertex="67"
        curve="xywdense(5 261.698879809504,434.732904270949,10 266.351289708371,434.428791680018,10 270.396579207232,434.18869664128,10 274.443191020952,433.968810479688,10 278.490753731192,433.767702958995,10 282.538449884156,433.583849987972,10 286.586581043377,433.418504275741,10 290.635358761026,433.271987800532,10 294.684849546293,433.143901483168,10 298.735036759685,433.033484132372,10 302.785631423062,432.924403045619,10 306.835619858514,432.752580081283,10 310.884820117551,432.512543415534,10 314.932727590614,432.206661532575,10 318.979222000699,431.837214757941,10 323.024379929772,431.406041249019,10 327.06825118096,430.914821893645,10 331.110867436285,430.365154775986,10 335.152248491925,429.758601450813,10 339.192406696098,429.096714551126,10 343.231350074782,428.381053248802,10 347.269070491242,427.613205585764,10 351.305245243833,426.795127818698,10 355.339805207614,425.928561433634,10 359.372830180937,425.015067112389,10 363.404388948508,424.056195957826,10 367.434541574039,423.05349833707,10 371.463341272784,422.008528718067,10 375.490835921818,420.922847794803,10 379.517069265667,419.798022832033,10 383.542081870094,418.635626888108,10 387.565911870318,417.437237375044,10 391.588595552946,416.204434271146,10 395.610099162288,414.938745163064,10 399.630149632172,413.641510530029,10 403.648768210093,412.314294386779,10 407.666013946016,410.958688429417,10 411.681942449428,409.576279961475,10 415.696606082191,408.16865147985,10 419.710054154301,406.737380183279,10 423.722333115208,405.284037487589,10 427.733486736727,403.810188607733,10 431.743556286038,402.317392248655,10 435.752580689108,400.807200433717,10 439.760596686255,399.28115848979,10 443.767628663754,397.740809654998,10 447.773416926018,396.187762243268,10 451.777879761812,394.62342925378,10 455.781073415944,393.049184299997,10 459.783050743878,391.466441048113,10 463.783861326578,389.876648321933,10 467.783551677906,388.281285944692,10 471.782165537578,386.681861252018,10 475.779744246055,385.079906196231,10 479.77632720077,383.476974950736,10 483.771952395742,381.874641912689,10 487.7666570489,380.274499991524,10 491.760478323275,378.67815905903,10 495.753280533363,377.087457927745,10 499.744857167174,375.504243182298,10 503.735316620809,373.929946083664,10 507.724772535027,372.366048500974,10 511.71334019292,370.81408131321,10 515.701137824265,369.275612070375,10 519.688287946632,367.752233671149,10 523.674918789269,366.245551977222,10 527.661165759603,364.757172143698,10 531.647172904161,363.288683451883,10 535.633186608222,361.842257699847,10 539.619343379008,360.420060340265,10 543.605954320299,359.02340728595,10 547.591480373321,357.653752360705,10 551.575907228304,356.312149143962,10 555.559302733109,354.999660363279,10 559.54173434582,353.717320812272,10 563.523270093469,352.466122802008,10 567.503979621405,351.247000983388,10 571.483935308974,350.060816479836,10 575.463213425621,348.908340283875,10 579.441895299006,347.79023589776,10 583.420068448002,346.70704149155,10 587.397787834304,345.659167755887,10 591.375266084717,344.646807935067,10 595.352099481915,343.670556338655,10 599.328211829195,342.73137680417,10 603.303690827705,341.830125425004,10 607.278629462791,340.967555726598,10 611.253126761512,340.144315787689,10 615.22728861322,339.360945211947,10 619.201228647137,338.617675567101,10 623.175069337921,337.910911579619,10 627.148942467232,337.239423863868,10 631.122990066123,336.60341494705,10 635.097365315308,336.002957930095,10 639.072224771568,335.437993964329,10 643.047521880458,334.908488662652,10 647.022884836326,334.415186196852,10 650.998397686312,333.958957055337,10 654.974165438279,333.540521203259,10 658.950310857801,333.160461546759,10 662.926973195193,332.819238501175,10 666.90430704185,332.517204300249,10 670.882481289567,332.254616970623,10 674.861678158327,332.031653947319,10 678.842092250753,331.848425345401,10 682.82392958494,331.704986931053,10 686.807256084745,331.601355013042,10 690.79258813536,331.537511515225,10 694.778052793044,331.513517688779,10 698.763521921916,331.529448775949,10 702.749135357041,331.585292068734,10 706.73503455601,331.680958378139,10 710.721360534164,331.8163002793,10 714.70825199662,331.991129520567,10 718.695843620412,332.205233642072,10 722.684264438891,332.458391877834,10 726.673636281,332.750390428855,10 730.6640722201,333.081037194498,10 734.655629185751,333.45016915793,10 738.648340858462,333.857702761024,10 742.641403989569,334.303123915108,10 746.634988231084,334.785421436133,10 750.629292924641,335.303628606254,10 754.62449955939,335.856862603136,10 758.62077173815,336.444325762048,10 762.61825526157,337.065306192538,10 766.617078268892,337.719178009931,10 770.617351382829,338.40540139203,10 774.619167814948,339.123522620157,10 778.622555578982,339.873163491864,10 782.627525861574,340.654025312449,10 786.633151152705,341.465267311559,10 790.63946631883,342.305906035897,10 794.6465440212,343.175120521165,10 798.654437760372,344.072247329929,10 802.663182333804,344.996762106247,10 806.672794459831,345.948261729897,10 810.683273525624,346.926447331506,10 814.694602426524,347.931108314583,10 818.706748473883,348.962107432101,10 822.719656251673,350.0193645784,10 826.733227491557,351.102800414229,10 830.747134460433,352.211937897356,10 834.761418884165,353.346351008293,10 838.776140467533,354.505769239575,10 842.791341076173,355.690030843484,10 846.807046051511,356.899051220287,10 850.823265819374,358.132793482636,10 854.839997717257,359.391241149567,10 858.857227978104,360.67437279831,10 862.874926236732,361.982136031832,10 866.893075876927,363.314428180242,10 870.911332586288,364.67075321335,10 874.929619490912,366.050698990107,10 878.948006621725,367.454047327973,10 882.966553623744,368.88061724343,10 886.985311778131,370.330228118119,10 891.004326383588,371.802666302357,10 895.023639373496,373.297654831105,10 899.043292062967,374.814825822525,10 903.063218764802,376.35365639465,10 907.083529098431,377.913562142848,10 911.102253484842,379.493132692051,10 915.119283806887,381.091409377352,10 919.134703334076,382.707452780607,10 923.148622931321,384.340159991478,10 927.163510103894,385.979913954252,10 931.180738864955,387.620886160816,10 935.20014544682,389.262616486875,10 939.221574214178,390.904479170995,10 943.244862315071,392.545661880003,10 947.269457809784,394.185140228653,10 951.294216166238,395.821760472865,10 955.319230712881,397.45449713273,10 959.34461013999,399.08219537578,10 963.370449709804,400.703565417748,10 967.39683259192,402.317179583124,10 971.423831812239,403.921471126322,10 975.451512574411,405.514734438317,10 979.479934754911,407.095126369845,10 983.509103147541,408.660650811402,10 987.53908493664,410.209044183157,10 991.568467383256,411.736903379938,10 995.597015260505,413.243310506145,10 999.624781698727,414.727468286218,10 1003.65185186928,416.188212379738,10 1007.67833554267,417.624046591197,10 1011.7043563199,419.033211781721,10 1015.73004523727,420.413731524739,10 1019.75553495615,421.763459851695,10 1023.780954835,423.080127060568,10 1027.80642613855,424.36138322873,10 1031.83214462313,425.60497518018,10 1035.85794342492,426.805812689504,10 1039.88365905534,427.95923970419,10 1043.90939017935,429.062443243756,10 1047.93523733919,430.112589175392,10 1051.96130017758,431.106874764505,10 1055.98768128046,432.042525765406,10 1060.01448552218,432.9168333343,10 1064.04171451973,433.727157878914,10 1068.06978031166,434.471103346752,10 1072.09752866856,435.145179286054,10 1076.12452341703,435.745857773406,10 1080.15078235795,436.270010945186,10 1084.1763371942,436.714499379481,10 1088.20123806055,437.07618274612,10 1092.22555907306,437.351934591178,10 1096.24940513346,437.538662766015,10 1100.27292044979,437.633336987547,10 1104.29671081649,437.677036361659,10 1108.32213457711,437.711625983551,10 1112.34670950075,437.736083548867,10 1116.37016278823,437.749578669586,10 1120.39235695444,437.751370028895,10 1124.41314643599,437.758996256679,10 1128.42762206489,437.809036735894,10 1132.43088162277,437.919766123929,10 1136.42277337686,438.090379695685,10 1140.40331341601,438.320287110871,10 1144.37235447294,438.609021601544,10 1148.32994501917,438.955487062917,10 1152.27618967485,439.358469330187,10 1156.2113295237,439.816675566394,10 1160.13581994216,440.328763975295,10 1164.05010891443,440.893338485754,10 1167.95657386081,441.509292911898,10 1171.85244555439,442.174868699462,10 1175.73591767988,442.887903208806,10 1179.60640837194,443.64564270562,10 1183.72072856124,444.498748335723,10)"
        color="rgba(0,0,0,1)"/>
      <edge
        id="66"
        frame="1"
        startvertex="67"
        endvertex="78"
        curve="xywdense(5 1183.72072856124,444.498748335723,10 1184.54548031598,448.073311184716,10 1185.10825869783,451.707069625681,10 1185.51170754028,455.372725401621,10 1185.78706938405,459.06649434586,10 1185.98438526267,462.761880508601,10 1186.12439573735,466.460089977422,10 1186.22458575157,470.158113901069,10 1186.2974953761,473.852229535303,10 1186.35315949367,477.546658116732,10 1186.39862449404,481.237872980461,10 1186.44212020878,484.925105913615,10 1186.48693234827,488.610695524744,10 1186.53346974462,492.292642725803,10 1186.58427961273,495.967533309206,10 1186.63856628006,499.637059558673,10 1186.6916438071,503.301511509586,10 1186.7384501548,506.955812747607,10 1186.76879092921,510.054193488987,10)"
        color="rgba(0,0,0,1)"/>
      <vertex
        id="67"
        frame="1"
        position="1183.72 444.499"
        color="rgba(0,0,0,1)"/>
      <edge
        id="68"
        frame="1"
        startvertex="75"
        endvertex="69"
        curve="xywdense(5 256.483750950287,363.146425144779,10 259.192506779686,363.199828448019,10 263.154868640997,363.312251677977,10 267.101636914656,363.45339492018,10 271.033012992998,363.617860723107,10 274.948962724189,363.800429469409,10 278.848416097826,363.996238601758,10 282.731256905691,364.200728735874,10 286.598566736377,364.401114322136,10 290.457291520117,364.526039563798,10 294.308481166502,364.560030219374,10 298.151046664004,364.503076636388,10 301.984877598873,364.355598760775,10 305.810166665212,364.118785347507,10 309.634653372339,363.793257374713,10 313.46447609918,363.376808753088,10 317.299531208619,362.871712288185,10 321.140939486496,362.281112532659,10 324.990395192453,361.609333060083,10 328.849288143797,360.861888448319,10 332.720451307805,360.043597046915,10 336.593603852645,359.157040996761,10 340.468426575636,358.205749747534,10 344.344770097684,357.193548367527,10 348.222524287424,356.123616476066,10 352.101536440901,354.997845003185,10 355.981544437157,353.817431496411,10 359.862319972044,352.58558531474,10 363.744196840708,351.305192213995,10 367.627575506352,349.978828000817,10 371.512918087767,348.608459345302,10 375.400700281382,347.195099648606,10 379.291274678573,345.7384762556,10 383.183464395381,344.239325214107,10 387.074462780568,342.702655215459,10 390.964427892608,341.131314639853,10 394.853563123349,339.528398713592,10 398.74214471033,337.897232949211,10 402.630525580053,336.241339289903,10 406.517394054295,334.56336295327,10 410.387297365391,332.858125867402,10 414.240190714772,331.128458629066,10 418.074832984611,329.379699075606,10 421.893929177115,327.615998904381,10 425.700112305704,325.84163828963,10 429.495884442305,324.060786941613,10 433.283621001354,322.277453331328,10 437.065578243337,320.495432748206,10 440.843903825357,318.718261518955,10 444.620503996484,316.949237444428,10 448.397737907884,315.191016847185,10 452.176298101201,313.445835625844,10 455.952526734883,311.705373577749,10 459.724327714886,309.966139147325,10 463.492395273497,308.229564312965,10 467.258253247721,306.498188443314,10 471.023347839169,304.774288575897,10 474.789125551638,303.059997699032,10 478.556578814227,301.35735598469,10 482.327487173595,299.667652296577,10 486.097456005491,297.995223500574,10 489.866579175758,296.342205292979,10 493.635089364887,294.710310800807,10 497.403129880982,293.100970332902,10 501.170765629736,291.515342619502,10 504.937993019206,289.954328750714,10 508.704747658061,288.418600218021,10 512.470911820761,286.90858914248,10 516.236057321271,285.424643191748,10 520.00068501082,283.96658669918,10 523.760734344651,282.536144467988,10 527.513915698371,281.134355190917,10 531.259193470009,279.76129518773,10 534.995475859621,278.416650282776,10 538.721615935121,277.099740843316,10 542.436411584893,275.809547064147,10 546.138603971655,274.544735666097,10 549.826874018027,273.303689384441,10 553.499836373255,272.084540769184,10 557.155932534246,270.885243393219,10 560.79389390832,269.703472492169,10 564.410340317996,268.538413313547,10 568.005854585735,267.391190266544,10 571.59556557511,266.269421269801,10 575.182139961054,265.174118139969,10 578.76638099053,264.105178168618,10 582.34913861868,263.062457639982,10 585.931296317288,262.045844812303,10 589.513756308305,261.055337043663,10 593.097422881157,260.091122514154,10 596.682959606302,259.153700683611,10 600.271432756127,258.243829655348,10 603.860323278386,257.362507827843,10 607.450124774247,256.509864175089,10 611.039687352991,255.688498377981,10 614.626950102076,254.90223258877,10 618.212409664805,254.151484687264,10 621.796557985867,253.436821476202,10 625.379850645922,252.759042905071,10 628.962696268262,252.119237958728,10 632.545445636527,251.518840901227,10 636.128374607798,250.954909950966,10 639.711361966592,250.421042700862,10 643.294375745152,249.916560053432,10 646.878000558488,249.440882112177,10 650.462793062724,248.993630561034,10 654.049283025491,248.574640396724,10 657.63797435524,248.183972412777,10 661.229346468293,247.821924773943,10 664.823855887876,247.489043756113,10 668.421937980394,247.186133563813,10 672.023875511189,246.914265981107,10 675.630081164006,246.674738357561,10 679.238740410638,246.468468548847,10 682.850153819871,246.296099598114,10 686.464700957705,246.158460038973,10 690.082744668967,246.056558929191,10 693.704635119287,245.991573113155,10 697.330714199548,245.964825132578,10 700.96131953233,245.977765330779,10 704.596788323629,246.031951032776,10 708.237375966799,246.129021072649,10 711.883654591318,246.270684209924,10 715.534815324947,246.458537137732,10 719.188873714194,246.689969335546,10 722.844631749536,246.96324853309,10 726.502250226412,247.279445016385,10 730.161889805202,247.639601804552,10 733.823711926009,248.04470681328,10 737.48787910943,248.495663510888,10 741.154554542102,248.993259802464,10 744.82390084526,249.538134899481,10 748.496070696394,250.130743433639,10 752.170817843054,250.771384684636,10 755.847653137469,251.460861782786,10 759.526813668517,252.200240098608,10 763.208502620433,252.990397760951,10 766.891020036576,253.826798176318,10 770.573346979644,254.706577209278,10 774.255579087531,255.629804258095,10 777.93780097119,256.596361044119,10 781.620084318983,257.60592045453,10 785.302469020093,258.65792036349,10 788.984985342138,259.751553409423,10 792.66689850614,260.885108552557,10 796.344957130073,262.050488058674,10 800.018810285564,263.246245652842,10 803.688787024252,264.472451122641,10 807.355205239552,265.729050521971,10 811.018372239253,267.015865732637,10 814.678585193514,268.332590465601,10 818.336131377954,269.678785022038,10 821.991288145726,271.053869689417,10 825.644322566792,272.457116711184,10 829.295481998222,273.88763801665,10 832.944455330802,275.344232293714,10 836.590541505272,276.825776708454,10 840.233990774661,278.331576068134,10 843.875049977162,279.860909184302,10 847.513960033026,281.413026786472,10 851.150956441108,282.987140604354,10 854.786270160543,284.582429593113,10 858.420128346969,286.198040429691,10 862.052755026025,287.833088075106,10 865.684371670599,289.486656418565,10 869.315183244664,291.157792343831,10 872.944467596285,292.845186311605,10 876.570796756978,294.546767678255,10 880.194318659535,296.260801314057,10 883.815185468723,297.985685745038,10 887.433546101773,299.719939801308,10 891.049544650874,301.462188505132,10 894.663319229169,303.211150558821,10 898.27500121095,304.965627764239,10 901.884697121131,306.724487329328,10 905.492561683456,308.486696191152,10 909.098113972412,310.250926811212,10 912.701358057307,312.015768458729,10 916.30258962319,313.779903511673,10 919.902090100006,315.542040228831,10 923.500125567068,317.300897018554,10 927.096946423134,319.055188884055,10 930.692787839193,320.803890111046,10 934.287877504861,322.560925578712,10 937.882413608168,324.332740653585,10 941.476500866389,326.116542340861,10 945.069775593673,327.909157106429,10 948.662663972643,329.707801677484,10 952.255676358412,331.509702179406,10 955.849285771621,333.312011050096,10 959.44392942406,335.111792914658,10 963.040011316213,336.906013590291,10 966.637905504596,338.691531398015,10 970.237858136822,340.465042899558,10 973.840214786519,342.223130546226,10 977.443120979536,343.961400119644,10 981.046758202331,345.677176882137,10 984.651529630072,347.367719138364,10 988.257797108075,349.030005140354,10 991.865884569197,350.660767950848,10 995.476082546816,352.25652963788,10 999.0886533278,353.813633295728,10 1002.70366674675,355.328207626202,10 1006.32146689335,356.796240585899,10 1009.93899866611,358.212176971678,10 1013.5563920378,359.573333790784,10 1017.17414197079,360.877117759165,10 1020.79266257293,362.120625142174,10 1024.41229242065,363.300711741614,10 1028.03330220829,364.414058914422,10 1031.65590372924,365.457233738319,10 1035.28020808438,366.426728283915,10 1038.90622552894,367.319197640409,10 1042.53569907927,368.142185902028,10 1046.17251103331,368.901959115937,10 1049.81718693851,369.594033366249,10 1053.47029716701,370.214665415216,10 1057.13244065369,370.760694577463,10 1060.8042353999,371.229401794838,10 1064.48624978419,371.618383264168,10 1068.17765873947,371.925448915731,10 1071.87499176669,372.146753734212,10 1075.57913627161,372.278186165504,10 1079.29327136254,372.32137271032,10 1083.02058048139,372.278672300701,10 1086.76084928414,372.160818968689,10 1090.50827790296,372.032731377071,10 1094.26259748148,371.905403915185,10 1098.02356189052,371.780198502947,10 1101.79097860387,371.658119507471,10 1105.56495871992,371.539922972642,10 1109.34553877345,371.426060861497,10 1113.13269472208,371.316669007299,10 1116.92634696355,371.211561903972,10 1120.72641149854,371.11022729918,10 1124.53284065332,371.012004194414,10 1128.34558812567,370.903884273116,10 1132.164497878,370.772374421591,10 1135.98942856795,370.615745970457,10 1139.82007193253,370.431928870346,10 1143.65691633849,370.218423886117,10 1147.49827716067,369.974382993525,10 1151.34373672095,369.698470635933,10 1155.19303291628,369.388831003991,10 1159.04604839222,369.043498114572,10 1162.90273191229,368.660442206837,10 1166.76367344871,368.237199919521,10 1170.62582061051,367.770114275507,10 1174.48923093508,367.255281437874,10 1178.35363627466,366.688027007628,10 1182.22643738552,366.061625039086,10 1184.81202548052,365.601426964902,10)"
        color="rgba(0,0,0,1)"/>
      <vertex
        id="69"
        frame="1"
        position="1184.81 365.601"
        color="rgba(0,0,0,1)"/>
      <edge
        id="70"
        frame="1"
        startvertex="71"
        endvertex="75"
        curve="xywdense(5 249.350661405074,304.192960926749,10 249.715337600232,306.787081493208,10 250.230409575369,310.47627461316,10 250.741859584659,314.164019107758,10 251.248525964085,317.852952129751,10 251.748745970217,321.546110389816,10 252.240707548932,325.245836118672,10 252.72374462092,328.958639031784,10 253.194826447325,332.673719928306,10 253.652100402502,336.389724332555,10 254.09426866355,340.108272609418,10 254.520495573054,343.830894512094,10 254.930740053037,347.559047470942,10 255.325976963644,351.29361040323,10 255.708473983754,355.035924037152,10 256.076514158767,358.778147727401,10 256.483750950287,363.146425144779,10)"
        color="rgba(0,0,0,1)"/>
      <vertex
        id="71"
        frame="1"
        position="249.351 304.193"
        color="rgba(0,0,0,1)"/>
      <edge
        id="72"
        frame="1"
        startvertex="75"
        endvertex="74"
        curve="xywdense(5 256.483750950287,363.146425144779,10 256.762090962871,366.265481277738,10 257.079620316988,370.012299600115,10 257.382240327321,373.76202727881,10 257.672265416885,377.513832541732,10 257.949748206957,381.265260146301,10 258.214428043976,385.017900494111,10 258.467425668624,388.773246359681,10 258.710557439708,392.53265458762,10 258.945616359353,396.297565526539,10 259.173010193396,400.062709989616,10 259.396331039497,403.823820848529,10 259.621554321422,407.582443138003,10 259.854154695958,411.339819803285,10 260.098489507931,415.09671477107,10 260.356941708208,418.851504977374,10 260.632719176264,422.594982180183,10 260.931115907397,426.32883806971,10 261.254544265452,430.054918109205,10 261.698879809504,434.732904270949,10)"
        color="rgba(0,0,0,1)"/>
      <edge
        id="73"
        frame="1"
        startvertex="74"
        endvertex="77"
        curve="xywdense(5 261.698879809504,434.732904270949,10 261.583976085145,439.047039535924,10 261.517744816169,441.859267860096,10 261.45188342355,444.858159869372,10 261.393577078849,447.762568741982,10 261.339938806256,450.66560538175,10 261.290699855358,453.566477599807,10 261.245190483463,456.465745945307,10 261.202787238342,459.362932468775,10 261.163082201989,462.260358108003,10 261.125462348131,465.159816395514,10 261.089919378649,468.06241023327,10 261.056318894288,470.97130215031,10 261.024426124021,473.882106413036,10 260.994171777701,476.790105773386,10 260.964924953571,479.69945682569,10 260.935815420543,482.612191583786,10 260.907491810291,485.529966012957,10 260.880108955465,488.455651277445,10 260.854278055488,491.387634060995,10 260.830955077109,494.32669922092,10 260.809260655212,497.268524232128,10 260.788162135152,500.257324094854,10 260.769075257323,503.148270333026,10 260.753420215766,505.877985170831,10 260.740151023582,508.246331731174,10)"
        color="rgba(0,0,0,1)"/>
      <vertex
        id="74"
        frame="1"
        position="261.699 434.733"
        color="rgba(0,0,0,1)"/>
      <vertex
        id="75"
        frame="1"
        position="256.484 363.146"
        color="rgba(0,0,0,1)"/>
      <edge
        id="76"
        frame="1"
        startvertex="77"
        endvertex="78"
        curve="xywdense(5 260.740151023582,508.246331731174,10 264.980171365473,508.566164035634,10 268.793782825721,508.832123859957,10 272.613954540338,509.078742743088,10 276.440313991336,509.306691807132,10 280.272437095343,509.516799137955,10 284.109870479328,509.709982042492,10 287.952146112513,509.887203903323,10 291.798790858749,510.049446877908,10 295.649404243376,510.195727325751,10 299.505093915512,510.283721454833,10 303.365998528768,510.29795225949,10 307.231606138457,510.241077048864,10 311.101415065102,510.115742241556,10 314.974934707584,509.924579712344,10 318.851686098466,509.670203719773,10 322.731202288427,509.355208209502,10 326.613028617008,508.982164366184,10 330.496675312112,508.553761615119,10 334.38139968935,508.073400750612,10 338.266778700332,507.543450076233,10 342.152461939931,506.966096642085,10 346.038103669341,506.343550296227,10 349.923364110588,505.678031280444,10 353.807910574109,504.97175976038,10 357.691418429747,504.22694701694,10 361.573571936337,503.445788044114,10 365.454064946667,502.630455326904,10 369.33260150438,501.783093604551,10 373.208896348254,500.905815454851,10 377.082675337642,500.000697563076,10 380.953675811147,499.069777563109,10 384.821646888896,498.115051358842,10 388.686349727232,497.138470850854,10 392.547557733247,496.141942007317,10 396.405056745401,495.127323229405,10 400.25864518544,494.096423970614,10 404.108135107156,493.05100104049,10 407.957048980646,491.982564989309,10 411.808403068624,490.883945609716,10 415.661619862347,489.757853842651,10 419.516144635064,488.606940594691,10 423.371445638892,487.433794032069,10 427.226933039323,486.241308703907,10 431.081968484643,485.032574096265,10 434.936121056338,483.809726357092,10 438.788985112022,482.57484236469,10 442.640352464309,481.329552236477,10 446.490035122968,480.075441752606,10 450.337686971841,478.814460609648,10 454.182981635455,477.548509216207,10 458.025612749,476.27943465998,10 461.865294179303,475.009027220388,10 465.701760200193,473.739017386037,10 469.534765625725,472.47107333718,10 473.364085904757,471.206798854788,10 477.189517180286,469.947731619643,10 481.010876316837,468.695341866759,10 484.828000899073,467.451031362496,10 488.64074920462,466.216132673761,10 492.449000153923,464.991908700676,10 496.252653239796,463.779552446041,10 500.051628439129,462.580186996783,10 503.845866109043,461.39486569434,10 507.635326869642,460.224572472629,10 511.419991475307,459.070222343822,10 515.199860676359,457.932662013669,10 518.97495507274,456.812670609527,10 522.745314961249,455.710960505612,10 526.510974988997,454.628097301829,10 530.271885250419,453.564238425068,10 534.028142358317,452.519875580582,10 537.779881872602,451.495506187525,10 541.52725678836,450.491566266809,10 545.270437465849,449.508431247328,10 549.009611558267,448.5464168498,10 552.744983937494,447.605780034774,10 556.476776618114,446.686720002561,10 560.205228680133,445.789379234073,10 563.930596190848,444.913844562739,10 567.653152126405,444.060148268808,10 571.373186293615,443.228269188446,10 575.091005252625,442.418133831036,10 578.80693224109,441.629617499072,10 582.521307100501,440.862545405888,10 586.234486205396,440.116693787261,10 589.946842396154,439.391791003668,10 593.658764916205,438.687518630562,10 597.370659354454,438.003512534641,10 601.082947593846,437.339363934484,10 604.796067767045,436.694620444364,10 608.510474220291,436.06878710031,10 612.226637486613,435.46132736771,10 615.945044269687,434.87166412989,10 619.666128158356,434.298987977563,10 623.390329429627,433.742426586092,10 627.118195209139,433.201325079197,10 630.850288383413,432.674992598298,10 634.587187416167,432.162702170287,10 638.329486463064,431.663691348129,10 642.074336690697,431.184445955797,10 645.815012987077,430.739482877566,10 649.551387045014,430.329305034338,10 653.283541010789,429.953950666397,10 657.011564505767,429.613422703612,10 660.735554645585,429.30768921376,10 664.455616058568,429.036683853676,10 668.171860903356,428.80030632044,10 671.884408885692,428.598422800182,10 675.593387274413,428.430866412388,10 679.298930916617,428.297437647879,10 683.001182252091,428.197904798926,10 686.700291326991,428.132004380228,10 690.396415806859,428.099441539691,10 694.089720989024,428.099890458202,10 697.780379814442,428.132994737757,10 701.468572879051,428.198367777504,10 705.154488444309,428.295593112519,10 708.838322448903,428.424224832467,10 712.520256686141,428.583775860344,10 716.200388349123,428.773669165121,10 719.878929879494,428.993345929802,10 723.556119329519,429.242232551434,10 727.232202011569,429.519731454177,10 730.907430501646,429.825220943866,10 734.582064646539,430.158055074204,10 738.256371574216,430.517563528634,10 741.93062570713,430.903051517304,10 745.605108778104,431.313799688298,10 749.280109848541,431.749064052192,10 752.955925328707,432.208075918858,10 756.63285899991,432.690041845245,10 760.311222038388,433.194143592774,10 763.9913330408,433.719538092795,10 767.673518051209,434.265357418397,10 771.358110589502,434.830708760704,10 775.045451681218,435.414674407557,10 778.735889888773,436.016311722308,10 782.429781344127,436.634653120195,10 786.127489782931,437.268706039486,10 789.829386580258,437.917452904325,10 793.535850788021,438.579851075857,10 797.247269174216,439.25483278786,10 800.964036264175,439.941305062739,10 804.686553496719,440.638155132721,10 808.413354555778,441.34892983062,10 812.13957035238,442.084561797946,10 815.864936422628,442.845052408386,10 819.589493543094,443.62971402748,10 823.313284023752,444.437863875369,10 827.036351549165,445.26882275532,10 830.758741034801,446.121913773209,10 834.480498497937,446.996461057699,10 838.201670942503,447.891788489727,10 841.922306257136,448.807218448705,10 845.642453125659,449.742070581814,10 849.362160949149,450.695660601777,10 853.081479778723,451.667299117559,10 856.800460258142,452.656290501654,10 860.519153575329,453.661931796866,10 864.237611421868,454.683511664811,10 867.955885959583,455.72030937786,10 871.674029793248,456.771593855673,10 875.392095948542,457.836622747152,10 879.110137854307,458.914641558212,10 882.828209328247,460.004882825595,10 886.546364565147,461.106565336668,10 890.264658126749,462.218893395065,10 893.983144932409,463.341056131913,10 897.701880249682,464.472226862372,10 901.420906114177,465.611558421631,10 905.140081182461,466.758068445953,10 908.858856964501,467.910585199071,10 912.577269630897,469.068269074826,10 916.295364868466,470.230272221734,10 920.013188283013,471.395727998145,10 923.730785358345,472.563750171287,10 927.448201424855,473.733432195802,10 931.165481636873,474.903846569152,10 934.882670957899,476.07404426077,10 938.599814152941,477.243054211412,10 942.316955787123,478.409882898949,10 946.034140229813,479.573513966719,10 949.751411663553,480.732907910567,10 953.46881409712,481.887001820782,10 957.186391382088,483.034709175328,10 960.904187232332,484.174919681019,10 964.622245245968,485.306499159579,10 968.340608929251,486.428289475885,10 972.059321722057,487.53910850608,10 975.778418745573,488.637747930317,10 979.497941926364,489.7229193965,10 983.217562357077,490.792665525744,10 986.937236085884,491.845954398783,10 990.657025160464,492.8819949785,10 994.376994496145,493.899924113189,10 998.097211443017,494.898809207293,10 1001.81774539055,495.877651128765,10 1005.53866741023,496.835387288218,10 1009.26004993601,497.770894832063,10 1012.98196648159,498.682993898996,10 1016.70449139337,499.570450896163,10 1020.42769963714,500.43198175815,10 1024.15166661662,501.26625515833,10 1027.87646802172,502.071895648075,10 1031.60217970402,502.847486704794,10 1035.32887757736,503.591573674689,10 1039.05663754102,504.302666600568,10 1042.78553542334,504.979242928871,10 1046.51564694343,505.619750093514,10 1050.24704768897,506.222607976986,10 1053.97981157391,506.786211012361,10 1057.71365149914,507.308850307634,10 1061.44813553556,507.788990318598,10 1065.18340600514,508.22529927725,10 1068.91960807673,508.616355739507,10 1072.65688518381,508.960654632108,10 1076.39537828337,509.256614983376,10 1080.1352252624,509.502587517164,10 1083.87656047961,509.696862004932,10 1087.61951442896,509.837674295174,10 1091.36421351117,509.923212961595,10 1095.11075934155,509.952190876318,10 1098.85789870525,509.960425761683,10 1102.60487266474,509.969995485317,10 1106.35172826654,509.98067298738,10 1110.09850781072,509.992229062446,10 1113.84524901229,510.004436202111,10 1117.59198519022,510.017072057294,10 1121.33874547636,510.029922557162,10 1125.08555482145,510.042784893853,10 1128.83244225928,510.05545539415,10 1132.57953980683,510.067531456254,10 1136.3269060498,510.078719515056,10 1140.07455731534,510.088803724019,10 1143.82250802988,510.097579696248,10 1147.57077103196,510.104855161927,10 1151.31935787771,510.110450508813,10 1155.06827913956,510.114199232671,10 1158.81754469892,510.115948322662,10 1162.56716403403,510.115558605048,10 1166.31714650441,510.112905067206,10 1170.06750163364,510.107877182834,10 1173.81823939224,510.100379258342,10 1177.56937048293,510.090330819893,10 1181.3209066304,510.077667060236,10 1185.07286087809,510.062339364455,10 1186.76879092921,510.054193488987,10)"
        color="rgba(0,0,0,1)"/>
      <vertex
        id="77"
        frame="1"
        position="260.74 508.246"
        color="rgba(0,0,0,1)"/>
      <vertex
        id="78"
        frame="1"
        position="1186.77 510.054"
        color="rgba(0,0,0,1)"/>
    </objects>
  </layer>
</vec>
