<?xml version="1.0" encoding="UTF-8"?>
<!-- Created with VPaint (http://www.vpaint.org) -->

<vec
  version="1.6">
  <playback
    framerange="0 47"
    fps="24"
    subframeinbetweening="off"
    playmode="normal"/>
  <canvas
    position="0 0"
    size="1280 720"/>
  <layer>
    <background
      color="rgba(255,255,255,1)"
      image=""
      position="0 0"
      size="cover"
      repeat="norepeat"
      opacity="1"
      hold="yes"/>
    <objects>
      <inbetweenface
        id="100"
        cycles="[1:(86,3,4,_,_) 2:(88,4,3,_,_) 3:(97-,2,1,_,_) 4:(94+,1,2,_,_)]"
        beforefaces="28"
        afterfaces="69"
        color="rgba(59,189,242,1)"/>
      <face
        id="28"
        cycles="[7+ 12-]"
        color="rgba(59,189,242,1)"/>
      <inbetweenedge
        id="94"
        beforepath="[7+]"
        afterpath="[70+]"
        startanimatedvertex="[86]"
        endanimatedvertex="[88]"
        color="rgba(0,0,0,1)"/>
      <edge
        id="7"
        startvertex="4"
        endvertex="6"
        curve="xywdense(5 358.102787251318,501.87223221647,5 358.13875738817,504.779727076671,5 358.089863080944,508.91046685139,5 357.883884203499,512.926220398954,5 357.507319020742,516.843210609518,5 357.054571399775,520.664320729322,5 356.592736143299,524.457438404531,5 356.152414161201,528.286801405709,5 355.900309602945,532.150591980059,5 355.87976843938,536.012188958734,5 355.930165315773,539.832637077202,5 355.876900859327,543.665369762952,5 355.643919139298,547.475927587907,5 355.244718141883,551.174365121497,5 354.787016070558,554.869808901282,5 354.354687702669,558.541991525829,5 353.931153294213,562.164567424702,5 353.578050346028,565.834551814292,5 353.304006243066,569.587326295887,5 353.09834140008,573.307309518029,5 352.947481179154,577.069249866485,5 352.868833520527,580.887668972701,5 352.869578953858,584.699571952551,5 352.959344698404,588.501380286762,5 353.109869693533,592.313062167939,5 353.261285184577,596.103717894026,5 353.399864063926,599.891136601825,5 353.542425680539,603.691391591768,5 353.677207689329,607.48702808389,5 353.804110017957,611.311400224273,5 353.93494126402,615.132299502595,5 354.071550895901,618.94033657529,5 354.189204474913,622.715845471899,5 354.325174576452,626.456929500962,5 354.479240666997,630.094860095407,5 354.614643889921,633.606661512936,5 354.789068216649,637.049546273483,5 355.057486452897,640.524855768478,5 355.3484965957,644.035936716285,5 355.554078600544,647.593093726631,5 355.549194023996,651.12509324094,5 355.630017840504,654.485517812963,5 356.593345215964,657.485424148783,5 359.274279810215,659.602844499625,5 363.036359416556,660.251120589782,5 366.688679935697,660.159033203623,5 370.185916443349,659.924328683526,5 373.64131942508,659.828102415364,5 377.153343782564,660.042610529669,5 380.797812719835,660.553187856026,5 384.523960498974,661.308606622892,5 388.263587197925,662.004888962305,5 391.987562702383,662.55715411553,5 395.747810735262,662.99671169852,5 399.490422774722,663.395798284826,5 403.258644491848,663.771209688624,5 406.989793164203,664.181730840056,5 410.68053994561,664.614184161542,5 414.379398195021,664.970717288755,5 418.02755651475,665.322414200662,5 421.592040654764,665.723092230439,5 425.216519795738,666.116677328407,5 428.877503031384,666.4757987105,5 432.522298898104,666.87046914515,5 436.122210593302,667.314862401428,5 439.737082655481,667.749374064376,5 443.343392988752,668.10714352961,5 446.899755065351,668.324170494554,5 450.523397273548,668.364511570612,5 454.221250574509,668.329034523389,5 457.991766929098,668.268320508778,5 461.909261574937,668.147098769438,5 465.83489750742,667.96344938502,5 469.719518587193,667.759255279163,5 473.548902397459,667.588685836085,5 477.324651523943,667.481089478137,5 481.0460974344,667.450949241275,5 484.719589141276,667.490147285066,5 488.364510346361,667.564652278403,5 492.026591353582,667.658491258409,5 495.706623973337,667.736355405173,5 499.433884445145,667.76829771892,5 503.197440218151,667.765601804517,5 506.981742604217,667.735349489193,5 510.765223955528,667.640390983102,5 514.55290904418,667.465422309099,5 518.347063348839,667.214654193895,5 522.141233056095,666.890561715123,5 525.926320408779,666.499443403647,5 529.693755464749,666.057237711977,5 533.444042597074,665.58523260423,5 537.184534719062,665.102008300806,5 540.899233719011,664.629458234544,5 544.585529955968,664.188373115917,5 548.248337721996,663.789266174897,5 551.876379889891,663.438886564011,5 555.471514700336,663.136476251826,5 559.033304881193,662.882824810521,5 562.568711460653,662.676512684571,5 566.086465403032,662.512765422786,5 569.596741448442,662.387431133039,5 573.107920912745,662.300664727307,5 576.603948654688,662.242312268074,5 580.095801991565,662.193164436334,5 583.579976431541,662.14076426256,5 587.059900788202,662.074726964394,5 590.550126980878,661.98708232973,5 594.046852051207,661.87801788338,5 597.550763593852,661.753657460423,5 601.064853031501,661.621837237695,5 604.594634448656,661.493811718971,5 608.133058971849,661.374334357858,5 611.682872030262,661.262779994376,5 615.2503831923,661.159442235875,5 618.832236889673,661.064086559712,5 622.429673071699,660.973329253504,5 626.048737329394,660.881443972911,5 629.691028767724,660.78107163104,5 633.344519496746,660.671028063889,5 637.011324818283,660.547460590021,5 640.694333119218,660.401425198005,5 644.389672952585,660.231227896916,5 648.097249425935,660.043297846493,5 651.817691106122,659.845051549671,5 655.547494012422,659.637336360552,5 659.287288103352,659.415146281193,5 663.039044348608,659.178061012735,5 666.795578965592,658.928413703909,5 670.552385397868,658.66619720269,5 674.309412091834,658.39372096368,5 678.065816422245,658.115020565148,5 681.819147987829,657.833905678512,5 685.571127894297,657.554595602531,5 689.323600686633,657.281297825907,5 693.078197041814,657.01771390506,5 696.839213171398,656.769258906027,5 700.604769798329,656.540813220579,5 704.366576093916,656.339652067553,5 708.128181167971,656.169541846068,5 711.893343891933,656.030834543385,5 715.666264510468,655.920323978241,5 719.452901846869,655.831000031247,5 723.257321055614,655.754714246291,5 727.08242551935,655.68445977473,5 730.919272429784,655.617928712808,5 734.773765406349,655.554679602453,5 738.650076297529,655.497512237084,5 742.553033530479,655.453849609521,5 746.463997588455,655.420441947548,5 750.383449089476,655.391290065087,5 754.312345448849,655.365759546736,5 758.247640111182,655.347410613982,5 762.180476365276,655.33860819562,5 766.110987880308,655.339785635559,5 770.039517339046,655.349115928906,5 773.963984797387,655.368558077835,5 777.887294200768,655.404355304722,5 781.812674532241,655.459066625037,5 785.743244936811,655.53209988182,5 789.681592938332,655.620447241286,5 793.630521132409,655.719109443797,5 797.580578972659,655.821796402173,5 801.533131447793,655.921909430538,5 805.489554102488,656.017531734447,5 809.455847470194,656.109872753159,5 813.436783268204,656.201765848924,5 817.435076345856,656.298165715347,5 821.437893155869,656.398434885448,5 825.447569003123,656.499643103019,5 829.469739825755,656.600796375707,5 833.49458353295,656.701970041172,5 837.523293041232,656.804973985816,5 841.560183677181,656.912728871381,5 845.599618604901,657.026713396534,5 849.628114643802,657.140157650494,5 853.64896581401,657.248796986774,5 857.666748955105,657.346130941713,5 861.663396112806,657.42598710253,5 865.642876804309,657.482680296154,5 869.610767908132,657.51975238838,5 873.575230921398,657.550060007291,5 877.54114305486,657.586790194956,5 881.522211962942,657.635530943629,5 885.501891743964,657.694715055241,5 889.481869975238,657.759807979869,5 893.469652875348,657.82927975744,5 897.47577414919,657.902270840793,5 901.491578306721,657.978410496651,5 905.511108594225,658.058305411485,5 909.540004053302,658.140790450961,5 913.570333469526,658.227577380054,5 917.599040655295,658.3256144692,5 921.626553866402,658.439335239066,5 925.653259053696,658.570670830633,5 929.679350709356,658.71950040215,5 933.704409106619,658.883924405831,5 937.72472764341,659.059332846411,5 941.740482510445,659.239042959604,5 945.7528162748,659.415664287071,5 949.756389073706,659.588293030123,5 953.750525213001,659.76293561622,5 957.73598071873,659.940944710645,5 961.711246716785,660.121468382031,5 965.676193892191,660.295107900951,5 969.633776144874,660.448153725727,5 973.585559130053,660.568673197394,5 977.53177825102,660.647753717872,5 981.47130775164,660.679685469294,5 985.400543887511,660.661894896768,5 989.322911061794,660.59882676428,5 993.241438416476,660.497255298226,5 997.158017302385,660.366073950501,5 1001.07328487409,660.21712159808,5 1004.98091129684,660.06137012962,5 1008.88817748447,659.903701578519,5 1012.7823706761,659.749095835154,5 1016.66849114696,659.602282728196,5 1020.55323295582,659.478776138605,5 1024.43808745249,659.396318472932,5 1028.30995827949,659.363802809197,5 1032.17469095113,659.388250181615,5 1036.01294410101,659.479042510715,5 1039.81275887106,659.651534741429,5 1043.57930120524,659.918428924986,5 1047.31376123031,660.287412342198,5 1051.02046362053,660.7540899311,5 1054.70297760806,661.253572337919,5 1058.37186397212,661.713223571042,5 1062.0464490451,662.09286459528,5 1065.72110919741,662.380459613274,5 1069.38931310547,662.620326367669,5 1073.05473616741,662.845786840189,5 1076.72197615137,663.017053633556,5 1080.42597652615,663.154664520512,5 1084.17334126458,663.277430907441,5 1087.93666931582,663.446216724785,5 1091.65674668837,663.686366445501,5 1095.28370456172,663.945680027915,5 1098.74973614129,664.074933895977,5 1102.03258527453,663.574506001611,5 1104.94901379696,661.775403144924,5 1106.96056801005,658.3067127496,5 1107.7574885393,653.977567910764,5 1107.83799431606,649.626799939347,5 1107.75122654332,645.432548022584,5 1107.66836262769,641.28385966985,5 1107.59095099974,637.145600149034,5 1107.5620544655,633.05495238588,5 1107.56668058681,628.970519989531,5 1107.61484101078,624.802288698311,5 1107.73368121344,620.578986043668,5 1107.89896898288,616.290291973278,5 1108.07674194473,611.915187526525,5 1108.27510248797,607.470052044709,5 1108.47603822259,602.979306737352,5 1108.64163000778,598.43987449519,5 1108.73564678892,593.852592704858,5 1108.75114415644,589.232108735828,5 1108.68767134882,584.609103165308,5 1108.5488110507,579.987239557952,5 1108.33518028367,575.364567098452,5 1108.05424129424,570.73957907688,5 1107.72453789271,566.105114475845,5 1107.35489537653,561.459339949865,5 1106.94379455502,556.794206210174,5 1106.4910887372,552.086974040768,5 1106.01094670433,547.364907678706,5 1105.52245935832,542.626280771277,5 1105.04402761643,537.863431935178,5 1104.58815817996,533.065632737188,5 1104.16760082536,528.259703054371,5 1103.7893544062,523.446682554148,5 1103.45458618787,518.626215950691,5 1103.24226467825,515.128902901925,5)"
        color="rgba(0,0,0,1)"/>
      <inbetweenface
        id="101"
        cycles="[1:(92+,2,3,_,_) 2:(88,5,1,_,_) 3:(90,1,6,_,_) 4:(95+,8,7,_,_) 5:(97+,7,2,_,_) 6:(93-,3,8,_,_) 7:(86,4,5,_,_) 8:(87,6,4,_,_)]"
        beforefaces="27"
        afterfaces="71"
        color="rgba(243,79,72,1)"/>
      <face
        id="27"
        cycles="[12+ 18+ 23- 16+]"
        color="rgba(243,79,72,1)"/>
      <inbetweenedge
        id="97"
        beforepath="[12+]"
        afterpath="[72+]"
        startanimatedvertex="[86]"
        endanimatedvertex="[88]"
        color="rgba(0,0,0,1)"/>
      <edge
        id="12"
        startvertex="4"
        endvertex="6"
        curve="xywdense(5 358.102787251318,501.87223221647,5 360.872503265357,502.040960765176,5 364.619531502928,502.262080994302,5 368.368829025633,502.473317557383,5 372.129439508995,502.68770841578,5 375.901931431685,502.910085004292,5 379.686799877357,503.13366809808,5 383.449918083205,503.335539452333,5 387.192502230013,503.501370376474,5 390.916882714455,503.631075180018,5 394.624593919288,503.733445752544,5 398.324472055779,503.816378286737,5 402.025586709674,503.888923734171,5 405.73992309861,503.958507841902,5 409.471049400018,504.028581213592,5 413.230605972751,504.096029995258,5 416.994567666232,504.161356899655,5 420.762257681118,504.23230525581,5 424.542672238077,504.312601491935,5 428.345085118753,504.403369025622,5 432.162943256073,504.502627887735,5 435.97248411947,504.602793919937,5 439.774825765356,504.697234190204,5 443.558574855327,504.779255513219,5 447.321138621157,504.841907733902,5 451.066056324909,504.882442209114,5 454.787605430696,504.901526430701,5 458.491285160583,504.901669886411,5 462.188605340897,504.88971663815,5 465.871363216098,504.872535428702,5 469.550477228152,504.854724327681,5 473.225097056846,504.838827368011,5 476.882421861787,504.829006741462,5 480.530407879325,504.826317238876,5 484.175403988711,504.828062722458,5 487.822323090208,504.829405934034,5 491.49225236276,504.825171463514,5 495.172860469961,504.811364950884,5 498.870009713226,504.785933795688,5 502.599801388254,504.750755122553,5 506.363362267845,504.711289938828,5 510.15466548787,504.673790979995,5 513.948219787184,504.64550272934,5 517.734331313985,504.634131413108,5 521.510610927602,504.648811255157,5 525.276592491367,504.697465310926,5 529.035110189638,504.78602288103,5 532.787078083712,504.917861152994,5 536.537821529792,505.0938736017,5 540.292739976564,505.314194289004,5 544.05638640112,505.574033891797,5 547.825532321391,505.86658482786,5 551.588611700666,506.190717470404,5 555.346062314097,506.541990428321,5 559.098557088328,506.913563318243,5 562.847033257678,507.29747764873,5 566.592563388185,507.686317209077,5 570.334757444196,508.075618045629,5 574.070900092733,508.464218380343,5 577.802260002883,508.854124148798,5 581.528120655823,509.24450911231,5 585.251168359679,509.627688861496,5 588.975011470045,509.996588726424,5 592.702543045083,510.34461457762,5 596.439896724637,510.666883606382,5 600.178878416204,510.960982358139,5 603.921479286345,511.226358383902,5 607.670258908591,511.46373970605,5 611.428888082665,511.675895633448,5 615.190178562094,511.86372811429,5 618.947893715484,512.025550187552,5 622.702188611067,512.161680315765,5 626.453089436892,512.273229262836,5 630.200481972148,512.36172821407,5 633.944676284857,512.42862481857,5 637.684531454982,512.475368166797,5 641.42018996506,512.504630352949,5 645.152890812335,512.519709038823,5 648.884103764796,512.524031554925,5 652.615632101856,512.520616884578,5 656.349449433814,512.511404139574,5 660.086869707557,512.49683752184,5 663.824198285345,512.47846902756,5 667.563583770185,512.457280043416,5 671.305578604645,512.433071486952,5 675.041506113741,512.407737291459,5 678.772842085955,512.38308948958,5 682.501288720208,512.360405893279,5 686.228473092541,512.340242854604,5 689.955157112739,512.322406989505,5 693.676911709172,512.307312167332,5 697.395138418554,512.295352823491,5 701.110888036707,512.286652262479,5 704.82715210486,512.281084391745,5 708.538958566194,512.278353076854,5 712.247125580903,512.278037147548,5 715.953275686225,512.279608678525,5 719.659205143234,512.282517331073,5 723.366876064516,512.28631172428,5 727.078878881537,512.290808810791,5 730.795974387376,512.295812691063,5 734.519710016322,512.300352697555,5 738.253925133918,512.30368164135,5 741.993881804758,512.305353339948,5 745.735845323033,512.305075910103,5 749.481402605634,512.302902993339,5 753.231983463503,512.299285518389,5 756.989642703766,512.295156170048,5 760.750967863762,512.29156746232,5 764.51337423953,512.289125255851,5 768.277471287119,512.288299808047,5 772.04381079968,512.289427463661,5 775.812901848143,512.292712417765,5 779.585219245685,512.298226684798,5 783.360933760289,512.305907862859,5 787.141004910159,512.315566339618,5 790.922565015127,512.327297473938,5 794.705288100796,512.341409866844,5 798.490101137109,512.357764964242,5 802.273835285986,512.376156295321,5 806.05625490563,512.396309348633,5 809.837368708126,512.417495290991,5 813.617119737988,512.43863238813,5 817.395383941162,512.458398503731,5 821.171972251753,512.475331456906,5 824.946636735523,512.48792388472,5 828.719477742627,512.494785288496,5 832.491764189424,512.49484201101,5 836.264263394812,512.487041547107,5 840.037162132001,512.470476624041,5 843.812249374188,512.444477827731,5 847.583984655119,512.408436843025,5 851.351809012553,512.361554055864,5 855.115680324692,512.303407225796,5 858.875499797978,512.234015365033,5 862.631121396154,512.15383963422,5 866.38236558971,512.06379226552,5 870.129038147596,511.965250944932,5 873.871248870882,511.859851239599,5 877.609998751162,511.748251846075,5 881.345952878604,511.631211960879,5 885.079813149846,511.510125999148,5 888.812372025203,511.386919567245,5 892.544534986883,511.263948140053,5 896.27723235113,511.143889539935,5 900.011987260373,511.029609657388,5 903.7466741172,510.92309745316,5 907.479969459655,510.824478410623,5 911.212934483048,510.733779355152,5 914.946503656092,510.650844413515,5 918.681353302252,510.575371048294,5 922.413975984402,510.509128095261,5 926.145428181502,510.454069791547,5 929.876862896334,510.4119504244,5 933.609472186728,510.384197522644,5 937.344504176397,510.371765977453,5 941.083278321499,510.374993997333,5 944.827194929754,510.393461914254,5 948.573490893314,510.426664033779,5 952.319185514784,510.47527495293,5 956.065308538062,510.539368155088,5 959.812683776937,510.618192816899,5 963.561682754967,510.710411919073,5 967.308487933267,510.816084105271,5 971.053723353117,510.935545106143,5 974.798106103883,511.068451136759,5 978.542348512878,511.213961972294,5 982.287158032435,511.370946515457,5 986.03323689489,511.538161097266,5 989.781274670311,511.714471291397,5 993.52945624337,511.898488142378,5 997.275786933548,512.087736881581,5 1001.02102325067,512.279860425902,5 1004.76575289443,512.472818450867,5 1008.51038662865,512.665006543469,5 1012.25363810138,512.855113660428,5 1015.99636311707,513.042031129884,5 1019.73941232822,513.224579112468,5 1023.48357166485,513.401619459076,5 1027.22957302474,513.572166883454,5 1030.97810635297,513.735493675906,5 1034.72983126571,513.891230515715,5 1038.48509307409,514.039438624537,5 1042.24396702388,514.180748055763,5 1046.00068276708,514.314523581917,5 1049.75557639995,514.439619281092,5 1053.50914808914,514.555032192343,5 1057.2618142723,514.659968203987,5 1061.01392144631,514.753859925601,5 1064.76576175997,514.83637893427,5 1068.51758955236,514.907444593307,5 1072.26955464045,514.967227086464,5 1076.0213817387,515.01615117258,5 1079.77049626195,515.055296288877,5 1083.51774103368,515.086039710274,5 1087.26387136424,515.109099720152,5 1091.01054712122,515.124588190472,5 1094.75310961899,515.132703578946,5 1098.49168815405,515.134751722324,5 1103.24226467825,515.128902901925,5)"
        color="rgba(0,0,0,1)"/>
      <inbetweenedge
        id="95"
        beforepath="[16+]"
        afterpath="[73+]"
        startanimatedvertex="[87]"
        endanimatedvertex="[86]"
        color="rgba(0,0,0,1)"/>
      <edge
        id="16"
        startvertex="14"
        endvertex="4"
        curve="xywdense(5 356.006156367253,303.677086399666,5 356.093810436809,306.257669670589,5 356.15630955546,309.303451477811,5 355.955069948226,313.025039768217,5 355.728300319541,316.788908016043,5 355.571972344587,320.554625296393,5 355.68535565285,324.314065754407,5 356.035705425274,328.033418429028,5 356.316723408314,331.726368328756,5 356.295237665943,335.440704316544,5 356.067959008077,339.210392326673,5 355.85515683318,342.995365433167,5 355.744831605688,346.78883762651,5 355.891899431344,350.576264533451,5 356.267258568288,354.321715009181,5 356.628086215345,358.017231315947,5 356.747150662968,361.719270336278,5 356.603329168684,365.458855832269,5 356.381817157307,369.239934742309,5 356.20226116811,373.058475227505,5 356.192019346909,376.901436810011,5 356.407708340624,380.742881659713,5 356.77180899209,384.565756819237,5 357.153976318849,388.364120651743,5 357.438639859247,392.133355215358,5 357.539492684878,395.86787848722,5 357.431128074193,399.617304007713,5 357.20777429513,403.344671477552,5 357.008130961012,407.021885387222,5 356.979196165739,410.664019756798,5 357.192196638105,414.290446828045,5 357.397068402894,417.919478505135,5 357.346933753286,421.602177052904,5 357.108513955639,425.354444682603,5 356.873460282664,429.132285238032,5 356.782603365327,432.910015420621,5 356.9633528452,436.672700175449,5 357.331290007972,440.392627272486,5 357.623761119824,444.098063861476,5 357.628101926714,447.83417690142,5 357.40220281512,451.622852876401,5 357.177660072142,455.453538707155,5 357.018632725217,459.296152891983,5 357.002183827947,463.068554120887,5 357.157636074772,466.781603655281,5 357.398620088001,470.395332725832,5 357.610721471159,473.900848514407,5 357.738276112746,477.383712483919,5 357.811105431076,480.895963033038,5 357.881967810278,484.567352442448,5 357.939663019086,488.4402817843,5 357.975071018658,492.407115037239,5 358.018631263122,496.465378603423,5 358.087052878163,500.600410280841,5 358.102787251318,501.87223221647,5)"
        color="rgba(0,0,0,1)"/>
      <inbetweenvertex
        id="86"
        beforevertex="4"
        aftervertex="74"
        color="rgba(0,0,0,1)"/>
      <vertex
        id="4"
        position="358.103 501.872"
        color="rgba(0,0,0,1)"/>
      <inbetweenedge
        id="92"
        beforepath="[18+]"
        afterpath="[75+]"
        startanimatedvertex="[88]"
        endanimatedvertex="[90]"
        color="rgba(0,0,0,1)"/>
      <edge
        id="18"
        startvertex="6"
        endvertex="17"
        curve="xywdense(5 1103.24226467825,515.128902901925,5 1103.09229593105,512.354725201135,5 1102.91897033562,508.976263421717,5 1102.73211554972,504.141990792694,5 1102.60230775235,499.298750274598,5 1102.52876072397,494.449385684759,5 1102.50930680463,489.582513959595,5 1102.54193849339,484.684629023627,5 1102.62508149772,479.760393881211,5 1102.754968164,474.811303821693,5 1102.92532867541,469.849282512162,5 1103.12854043467,464.871232592019,5 1103.24943499824,462.218809129801,5 1103.48636170593,457.37055951657,5 1103.61777696779,454.861491691075,5 1103.75442702406,452.349132047327,5 1103.89546800856,449.832933812962,5 1104.04046250448,447.312817337953,5 1104.18773663146,444.788194563801,5 1104.33611797583,442.258552788463,5 1104.48367043069,439.723585835748,5 1104.62838885654,437.181758362154,5 1104.76931361972,434.636244713005,5 1104.90426411104,432.088756169967,5 1105.03492797019,429.542144192304,5 1105.16216468068,427.000047692992,5 1105.28630944487,424.461813085117,5 1105.4084742365,421.928147963282,5 1105.52719277965,419.398607331527,5 1105.64152535202,416.872899137105,5 1105.75100274164,414.351272266964,5 1105.85485089468,411.833811027532,5 1105.95304451766,409.320717115369,5 1106.04544411881,406.812343975625,5 1106.13161828398,404.308320665384,5 1106.2112271027,401.808687763378,5 1106.34890463896,396.819260993066,5 1106.45669794478,391.839235554064,5 1106.53553495549,386.861032858238,5 1106.58785387659,381.881604213915,5 1106.61632213891,376.894314188446,5 1106.62585303747,371.910331662131,5 1106.62342105461,366.945753134973,5 1106.61271794935,361.994567984928,5 1106.59115921366,357.047648636607,5 1106.56269054866,353.34547935384,5 1106.52873288275,349.647794604641,5 1106.46326213979,344.73675152487,5 1106.37240950117,339.836215019562,5 1106.25232953366,334.950945504334,5 1106.10109808466,330.07220748902,5 1105.91713679493,325.192677337703,5 1105.78466688526,322.188940701307,5 1105.67519213681,319.795145333826,5)"
        color="rgba(0,0,0,1)"/>
      <inbetweenvertex
        id="88"
        beforevertex="6"
        aftervertex="76"
        color="rgba(0,0,0,1)"/>
      <vertex
        id="6"
        position="1103.24 515.129"
        color="rgba(0,0,0,1)"/>
      <inbetweenface
        id="102"
        cycles="[1:(87,3,2,_,_) 2:(98-,1,4,_,_) 3:(93-,7,1,_,_) 4:(91,2,5,_,_) 5:(96-,4,6,_,_) 6:(89,5,8,_,_) 7:(90,8,3,_,_) 8:(99-,6,7,_,_)]"
        beforefaces="26"
        afterfaces="77"
        color="rgba(255,253,112,1)"/>
      <face
        id="26"
        cycles="[63- 23- 57- 64-]"
        color="rgba(255,253,112,1)"/>
      <inbetweenedge
        id="93"
        beforepath="[23+]"
        afterpath="[78+]"
        startanimatedvertex="[87]"
        endanimatedvertex="[90]"
        color="rgba(0,0,0,1)"/>
      <edge
        id="23"
        startvertex="14"
        endvertex="17"
        curve="xywdense(5 356.006156367253,303.677086399666,5 358.565962038639,303.672834782172,5 361.595159288403,303.664589031242,5 365.350291915416,303.632635963759,5 369.103493111914,303.587833127449,5 372.852108277653,303.538723792821,5 376.615751297391,303.492380749872,5 380.378935826663,303.455010075453,5 384.136570785933,303.43448097064,5 387.888389197095,303.436302120925,5 391.638956366005,303.465649300289,5 395.400339689671,303.526746109723,5 399.150895555202,303.618901107274,5 402.895526780371,303.738634239396,5 406.631030287774,303.881626469159,5 410.359562437513,304.043314279727,5 414.085179785685,304.217484744301,5 417.811882029708,304.397163140156,5 421.549007017522,304.577226624793,5 425.283406267482,304.7625605689,5 429.01761453418,304.962012222758,5 432.752974513497,305.184993269312,5 436.480147431286,305.426830270604,5 440.201489402802,305.685759058476,5 443.919813396325,305.959599375342,5 447.638194828062,306.245527421273,5 451.363027419521,306.540285965193,5 455.088701876222,306.841484757748,5 458.812075387134,307.148510118132,5 462.535554454476,307.460275244678,5 466.262155318575,307.775647292225,5 469.995389842492,308.093654490781,5 473.740506198322,308.413849575727,5 477.490992356766,308.733827655992,5 481.240937884644,309.049460381,5 484.992229184455,309.35693480435,5 488.746583743207,309.651660032951,5 492.504695997093,309.929485710413,5 496.25966607007,310.191070415338,5 500.012058080189,310.437235419206,5 503.762361079055,310.66894691493,5 507.51096383137,310.887795809246,5 511.25787150537,311.096330235424,5 515.00411245116,311.298415363834,5 518.748560764311,311.494953283455,5 522.492178400549,311.685198470216,5 526.238322262793,311.869528610295,5 529.981809427959,312.046629603962,5 533.722973434424,312.215122053463,5 537.462985040578,312.374461374024,5 541.202939948568,312.52452469548,5 544.943912792767,312.665351407313,5 548.687008241621,312.796863987409,5 552.433400615875,312.918563634764,5 556.181111303463,313.029973570511,5 559.927893321283,313.132279924938,5 563.67511678216,313.226920672376,5 567.424130381931,313.31526229892,5 571.176302831291,313.39845115209,5 574.93305569134,313.477248430125,5 578.695876708941,313.551855478245,5 582.461313076796,313.622838621696,5 586.224932957846,313.69401197506,5 589.987602911611,313.769746631769,5 593.747719116841,313.85358941021,5 597.502698985149,313.946398114961,5 601.253995294854,314.048392172101,5 605.002999451955,314.15960272666,5 608.751057788053,314.27981072917,5 612.498993470872,314.40847095212,5 616.247959981811,314.544687057604,5 619.989996901576,314.687127342474,5 623.726184687437,314.834252506549,5 627.457768501794,314.98435577982,5 631.186521002498,315.135628933754,5 634.911288754972,315.286390275166,5 638.63379034464,315.435590279802,5 642.356463677847,315.581977001612,5 646.081581026557,315.72404107214,5 649.811314233005,315.860124207875,5 653.547753672073,315.988537058724,5 657.288665603638,316.10790163447,5 661.029199128887,316.219511909671,5 664.770959663291,316.325759402661,5 668.514961809828,316.428908136941,5 672.263061165843,316.531548922633,5 676.007698998942,316.63360324367,5 679.749719352775,316.733781120445,5 683.490499025931,316.830852963355,5 687.231380581326,316.923767019261,5 690.9731800778,317.011674131997,5 694.718807993294,317.094015535411,5 698.460752659081,317.16999211683,5 702.197324212314,317.238394680569,5 705.930023655689,317.298310496648,5 709.660307577084,317.349168815408,5 713.389656613444,317.390665598917,5 717.119594487824,317.422706279932,5 720.849277542075,317.44540504121,5 724.575994394854,317.459562928847,5 728.302294813915,317.466163110562,5 732.026827062386,317.466050480695,5 735.74412292177,317.46040323629,5 739.456602594888,317.450441141331,5 743.166646293273,317.43721347289,5 746.876625181147,317.421627263654,5 750.588524127994,317.404452983828,5 754.305168352833,317.386270889164,5 758.021664114916,317.367087245908,5 761.740078738751,317.346596900617,5 765.463851458857,317.324433543996,5 769.188723941913,317.300511771757,5 772.917280501705,317.275009549582,5 776.652457577924,317.248557514654,5 780.396411422707,317.222051314288,5 784.152561922032,317.196404184132,5 787.911730193638,317.172538926831,5 791.675304321112,317.151348177394,5 795.44460750155,317.134159190868,5 799.223324706575,317.122577433936,5 803.00324503474,317.118206570947,5 806.781822728533,317.122588806962,5 810.559569233232,317.137329303059,5 814.336603674275,317.164019500732,5 818.113778583103,317.204221926481,5 821.88840207193,317.259162694853,5 825.660227846966,317.329528223164,5 829.42994621696,317.415322826706,5 833.198187651192,317.515783819933,5 836.965567730747,317.629321836408,5 840.732694261246,317.753455700991,5 844.499055863738,317.885104707613,5 848.263383937408,318.022234393366,5 852.02717160689,318.162428974968,5 855.789268292461,318.302943778876,5 859.545543323757,318.443235646173,5 863.297474704025,318.582758471038,5 867.046572973676,318.720561410332,5 870.79437751629,318.855787794997,5 874.541905167808,318.988148780315,5 878.291470104091,319.11849157489,5 882.036795423873,319.245396164402,5 885.77835670817,319.366949708912,5 889.518521277544,319.482481835993,5 893.251284346907,319.589853141479,5 896.977562856118,319.686773477382,5 900.698744651329,319.771751796284,5 904.416234809875,319.843982822699,5 908.13110767848,319.903269106403,5 911.846122632227,319.949997203962,5 915.556536775323,319.984715398193,5 919.261706535367,320.008080474597,5 922.963650124655,320.021131804302,5 926.66435547892,320.025166650735,5 930.36587376618,320.021601523921,5 934.070420126774,320.011830400875,5 937.779827508515,319.9970833871,5 941.49748706695,319.978191114201,5 945.215673719495,319.956122654211,5 948.935840558121,319.931940854868,5 952.661759027122,319.906171242208,5 956.384835785097,319.88006206621,5 960.106528035367,319.855138308072,5 963.828959114417,319.832710184345,5 967.554019885594,319.813797436243,5 971.283458424548,319.799074867988,5 975.018974984112,319.788805167735,5 978.762217648611,319.782752851938,5 982.512480545568,319.780266735218,5 986.266170151331,319.780946559375,5 990.025512643547,319.784087683361,5 993.789958224674,319.788753288158,5 997.555453257929,319.794278361402,5 1001.32406487232,319.799993729292,5 1005.09755309681,319.805289454671,5 1008.87739603413,319.809688261768,5 1012.66441053841,319.812922359491,5 1016.45982424554,319.815049576642,5 1020.25480797907,319.81613997917,5 1024.04910446529,319.816397273949,5 1027.84379540877,319.816404619641,5 1031.62926479929,319.816404619641,5 1035.40508036924,319.816404619641,5 1039.17181794945,319.816404619641,5 1042.92979232215,319.816404619641,5 1046.6782662607,319.816404619641,5 1050.41363149532,319.816404619641,5 1054.13833098961,319.816404619641,5 1057.85530517176,319.816404619641,5 1061.56699361347,319.816404619641,5 1065.27444724556,319.816404619641,5 1068.97428171878,319.816404619641,5 1072.66642781584,319.816404619641,5 1076.34937580286,319.816404619641,5 1080.03340663939,319.816404619641,5 1083.72818128175,319.816404619641,5 1087.42804682745,319.816404619641,5 1091.13680829775,319.816404619641,5 1094.86365988306,319.816398411292,5 1098.60213542434,319.813981187463,5 1102.35428497316,319.805435522485,5 1105.67519213681,319.795145333826,5)"
        color="rgba(0,0,0,1)"/>
      <inbetweenedge
        id="98"
        beforepath="[57+]"
        afterpath="[79+]"
        startanimatedvertex="[91]"
        endanimatedvertex="[87]"
        color="rgba(0,0,0,1)"/>
      <edge
        id="57"
        startvertex="55"
        endvertex="14"
        curve="xywdense(5 371.665167043424,148.01990406155,5 369.891544027039,149.745964192121,5 367.86213098788,151.922068973798,5 365.815810805678,155.522426182645,5 364.432706642863,159.101026644592,5 363.432075912295,162.552867782922,5 362.651500046604,165.8241431803,5 362.009944897693,168.917886398472,5 361.449518590006,171.858770594662,5 360.925798676699,174.687009463732,5 360.412860190074,177.41989056678,5 359.902441486208,180.073907298148,5 359.112582735473,183.861129063602,5 358.293538389601,187.767968201238,5 357.48369167838,191.446979326536,5 356.806872741323,194.999846349412,5 356.065827893739,199.497659192022,5 355.529437186745,203.748383132581,5 355.129761907076,207.753838006827,5 354.938254188705,211.559734257345,5 354.917974785805,215.1622113653,5 355.006534959489,218.565433380084,5 355.167920921696,221.779567845193,5 355.373444181296,224.806948359808,5 355.566457476916,227.672468434013,5 355.687399083393,230.3917564553,5 355.713162770541,232.9673389674,5 355.523513422236,237.667514957019,5 355.212397567803,241.755796773848,5 355.579120783825,244.509003621649,5 356.528855277637,249.181368751451,5 356.864033230337,252.704092549144,5 357.056872966609,256.05751932453,5 356.898688619608,259.375508275879,5 357.383193681267,262.081449435237,5 357.676894367466,264.723349946937,5 357.260265133213,267.411453053535,5 356.728930886021,271.000907303506,5 356.238631060246,274.792613119716,5 355.981134750852,279.156878226348,5 356.028421796092,283.170215657488,5 356.201593317285,286.885092293086,5 356.321153464746,290.355948047318,5 356.255940345783,293.665693980391,5 356.059179046477,296.764479491338,5 355.913173271456,299.683155006086,5 356.006156367253,303.677086399666,5)"
        color="rgba(0,0,0,1)"/>
      <inbetweenvertex
        id="87"
        beforevertex="14"
        aftervertex="80"
        color="rgba(0,0,0,1)"/>
      <vertex
        id="14"
        position="356.006 303.677"
        color="rgba(0,0,0,1)"/>
      <inbetweenedge
        id="99"
        beforepath="[63+]"
        afterpath="[81+]"
        startanimatedvertex="[90]"
        endanimatedvertex="[89]"
        color="rgba(0,0,0,1)"/>
      <edge
        id="63"
        startvertex="17"
        endvertex="62"
        curve="xywdense(5 1105.67519213681,319.795145333826,5 1105.70959769894,316.643309153434,5 1105.71396624024,313.15757717052,5 1105.68031842546,309.712057706318,5 1105.6079087798,306.303556371404,5 1105.50208689725,302.928533958222,5 1105.3715570974,299.583882929608,5 1105.22617438497,296.264879727198,5 1105.07687815467,292.974454891077,5 1104.93733444601,289.709526621004,5 1104.81918352283,286.46434836313,5 1104.71673650019,283.231008551126,5 1104.618770525,280.006725599386,5 1104.52536421315,276.784649661421,5 1104.42521811237,273.568225048691,5 1104.32070084071,270.365121573096,5 1104.21279185968,267.171437406697,5 1104.09175481126,263.983874711872,5 1103.94383475446,260.800884663885,5 1103.76017813793,257.631502079883,5 1103.53234980156,254.47798074783,5 1103.24400733513,251.343090724272,5 1102.8894407507,248.219993040521,5 1102.47297525311,245.108429751298,5 1102.01073174182,241.995074167621,5 1101.52371624363,238.896506752408,5 1101.02438829635,235.809130556037,5 1100.53218458792,232.725834924013,5 1100.06753651729,229.639667897726,5 1099.64929963927,226.552100505942,5 1099.28819814563,223.455335687992,5 1098.98462014762,220.342566592159,5 1098.7344156043,217.221409436908,5 1098.5459316731,214.092007151664,5 1098.41104661365,210.963089452455,5 1098.30143684619,207.832200500202,5 1098.18669755258,204.704287788768,5 1098.03941704838,201.584734737147,5 1097.83988620609,198.494151994404,5 1097.57746239483,195.435485178018,5 1097.28791554407,192.406578151973,5 1096.98415997913,189.415526671195,5 1096.6904095578,186.449862014048,5 1096.45932646639,183.510748072107,5 1096.35345845354,180.589342905357,5 1096.40914118062,177.684946409405,5 1096.64856142776,174.782279365178,5 1097.05914487725,171.886638301886,5 1097.61026650249,168.990481055231,5 1098.27614123603,166.113600704072,5 1099.0400538939,163.269664104134,5 1099.85361848331,160.46743560078,5 1100.67477177016,157.726419692759,5 1101.37959454788,155.10765909478,5 1102.02165037529,150.314058958514,5 1101.25040742177,148.096866780405,5)"
        color="rgba(0,0,0,1)"/>
      <inbetweenvertex
        id="90"
        beforevertex="17"
        aftervertex="82"
        color="rgba(0,0,0,1)"/>
      <vertex
        id="17"
        position="1105.68 319.795"
        color="rgba(0,0,0,1)"/>
      <inbetweenedge
        id="96"
        beforepath="[64+]"
        afterpath="[83+]"
        startanimatedvertex="[89]"
        endanimatedvertex="[91]"
        color="rgba(0,0,0,1)"/>
      <edge
        id="64"
        startvertex="62"
        endvertex="55"
        curve="xywdense(5 1101.25040742177,148.096866780405,5 1099.35641876681,146.661981905313,5 1096.97659438435,145.250292810213,5 1093.08990856443,145.435859050146,5 1089.72503912659,145.505043054433,5 1086.78702918133,145.063285294114,5 1083.86500510017,144.338949356169,5 1080.64792178052,143.723722465504,5 1077.08684649466,143.461702797864,5 1073.34853421296,143.59849300495,5 1069.50765591223,144.07545678758,5 1065.66311725572,144.702621492639,5 1061.86996367182,145.29630015152,5 1058.13486583497,145.768278262095,5 1054.45029284505,146.0925128223,5 1050.80281794746,146.243117980033,5 1047.1917010863,146.324979897801,5 1043.51456121213,146.442336307646,5 1039.80551037559,146.592811808853,5 1036.15126774473,146.822791261258,5 1032.49701301939,147.180359504185,5 1028.80100671571,147.599134670797,5 1024.99792767897,148.083314046587,5 1021.13750983873,148.621605559439,5 1017.16328766143,149.120343721596,5 1013.17675428627,149.493018336017,5 1009.18996079183,149.728937653769,5 1005.208836848,149.894742803498,5 1001.25379814531,150.039981540826,5 997.333716685698,150.148721521604,5 993.441564454167,150.198507217604,5 989.533684000104,150.228931558544,5 985.60200943557,150.265478774478,5 981.592499643681,150.303787416773,5 977.583399817644,150.336282688161,5 973.578328483558,150.368143318464,5 969.577743353348,150.397456392944,5 965.580075592723,150.421590910645,5 961.569009618502,150.449717416486,5 957.56386050655,150.467787405071,5 953.561396580768,150.452266177235,5 949.552084976208,150.385372117539,5 945.554985505626,150.262865278145,5 941.58810855588,150.098874418764,5 937.642629552973,149.908500927951,5 933.705338102343,149.702914681933,5 929.765443511947,149.485410766967,5 925.802757543581,149.244650991889,5 921.835055548982,148.996964801539,5 917.847882224928,148.759175484695,5 913.823710521294,148.543769238643,5 909.75120208102,148.352476528162,5 905.642706029118,148.17541238145,5 901.502829214302,148.001332038829,5 897.346007964217,147.843566326996,5 893.183938764632,147.719427714178,5 889.01205436638,147.628695828497,5 884.84558993129,147.571602134409,5 880.689548932948,147.548164341016,5 876.547010017753,147.551240818761,5 872.415970702564,147.570925093769,5 868.296019222496,147.604120256635,5 864.183294979451,147.658456405776,5 860.123011192386,147.736206916602,5 856.138229715117,147.827961552212,5 852.228184660191,147.930676878487,5 848.391921475217,148.04952652689,5 844.615921339656,148.200595915515,5 840.900867373461,148.401487513742,5 837.235395318784,148.670316716923,5 833.603820070599,149.020318963785,5 830.004941304258,149.44813124281,5 826.437103942449,149.898518238459,5 822.898973067863,150.349253917775,5 819.37687107534,150.79598363424,5 815.851405020213,151.228001309295,5 812.334768980526,151.633817608704,5 808.821332794161,152.012048252242,5 805.32746267762,152.355062786144,5 801.848690211075,152.657751150954,5 798.38027118151,152.92031616671,5 794.924818589991,153.147491866559,5 791.498860733771,153.332476252133,5 788.103632810716,153.471494571372,5 784.740493529502,153.564085576,5 781.408934107844,153.616895893969,5 778.106300538498,153.641647518725,5 774.827180505484,153.652080851335,5 771.572548385873,153.656865721862,5 768.335637709716,153.664753369359,5 765.106619339571,153.685958346696,5 761.889064755171,153.728676666832,5 758.68558281179,153.7986470703,5 755.489606239534,153.902136570194,5 752.288419482112,154.047393390407,5 749.070008976686,154.23855284666,5 745.821378653074,154.454556426741,5 742.565914236209,154.652347623538,5 739.301550854242,154.837142262183,5 736.040572368987,155.010126128272,5 732.778529172533,155.172223489382,5 729.510836910638,155.32296221932,5 726.232876689874,155.461494505136,5 722.941609023035,155.58724475795,5 719.645887603362,155.697305433902,5 716.34791920572,155.790807715716,5 713.045466879561,155.864163296984,5 709.733432460419,155.914311157466,5 706.407544613829,155.940364905053,5 703.065995911416,155.944093661708,5 699.70460419485,155.927927466816,5 696.314986218661,155.897171998287,5 692.904466403432,155.852556892887,5 689.471717875047,155.792664897568,5 686.013258514669,155.717499757413,5 682.525340642096,155.628189402031,5 679.014223015053,155.539241178427,5 675.486694675525,155.460627532931,5 671.949401171214,155.391468663453,5 668.402464641681,155.328711939458,5 664.846468348356,155.266566489248,5 661.280423559272,155.202869724605,5 657.703270146431,155.137707321568,5 654.113992781727,155.068818054003,5 650.513313370348,154.992513343432,5 646.900787754663,154.905246485042,5 643.275438384476,154.80184146662,5 639.63648895183,154.675498861882,5 635.983283201988,154.518296407043,5 632.311558364046,154.339078213975,5 628.616028888325,154.15089752327,5 624.900870625925,153.948277709367,5 621.171884054562,153.728254466433,5 617.427715672743,153.49031203711,5 613.654320929269,153.262475228352,5 609.849613631595,153.051891304552,5 606.013599900266,152.853422616794,5 602.148151064871,152.66240724469,5 598.252691122139,152.474937999019,5 594.32670618052,152.28796750156,5 590.370311484425,152.099453829187,5 586.384274455462,151.906689853129,5 582.367605408523,151.705680805835,5 578.319310903517,151.492783014194,5 574.245745095595,151.269812074687,5 570.1531020219,151.039723323678,5 566.039222883461,150.801750679321,5 561.902183646061,150.554516607822,5 557.740105227193,150.311201287773,5 553.551109504352,150.090005554453,5 549.333997244949,149.890938686269,5 545.085321333985,149.713548475755,5 540.816158019177,149.557181401972,5 536.528400617021,149.418275966937,5 532.220074413474,149.294068389501,5 527.894184957656,149.182005591901,5 523.555139242763,149.08182228434,5 519.195387646062,148.996141341247,5 514.809222650458,148.927464647981,5 510.391363850537,148.87695465934,5 505.949478862308,148.844539684317,5 501.480185331884,148.829747435997,5 496.976655624169,148.832366658165,5 492.435078601049,148.851591119213,5 487.855629326517,148.884387346293,5 483.249797189785,148.918599288016,5 478.612000860395,148.953786897912,5 473.955247150599,148.989613255068,5 469.268948661078,149.007205282033,5 464.559169779067,149.005765131486,5 459.848176799719,149.007445056562,5 455.162288520631,149.035039181592,5 450.505658976963,149.089335856534,5 445.874963352699,149.145837399541,5 441.263257609764,149.181153985515,5 436.646617061641,149.115818684296,5 431.998614044663,148.855529845758,5 427.316165462582,148.377375322817,5 422.626320676053,147.826407428764,5 417.962373684971,147.315666847046,5 413.342401637861,146.898397377864,5 408.80511999872,146.525515613721,5 404.244586290837,146.190521776985,5 399.593994443416,145.930700045617,5 394.874397234624,145.707819657499,5 390.151330087963,145.538273715418,5 385.615397163683,145.421800303854,5 381.440385653211,145.348259378609,5 377.655607810362,145.5150275587,5 374.101046598721,146.465976445348,5 371.665167043424,148.01990406155,5)"
        color="rgba(0,0,0,1)"/>
      <inbetweenvertex
        id="91"
        beforevertex="55"
        aftervertex="84"
        color="rgba(0,0,0,1)"/>
      <vertex
        id="55"
        position="371.665 148.02"
        color="rgba(0,0,0,1)"/>
      <inbetweenvertex
        id="89"
        beforevertex="62"
        aftervertex="85"
        color="rgba(0,0,0,1)"/>
      <vertex
        id="62"
        position="1101.25 148.097"
        color="rgba(0,0,0,1)"/>
      <face
        id="69"
        frame="47"
        cycles="[70+ 72-]"
        color="rgba(59,189,242,1)"/>
      <edge
        id="70"
        frame="47"
        startvertex="74"
        endvertex="76"
        curve="xywdense(5 358.102787251318,501.87223221647,5 358.13875738817,504.779727076671,5 358.089863080944,508.91046685139,5 357.883884203499,512.926220398954,5 357.507319020742,516.843210609518,5 357.054571399775,520.664320729322,5 356.592736143299,524.457438404531,5 356.152414161201,528.286801405709,5 355.900309602945,532.150591980059,5 355.87976843938,536.012188958734,5 355.930165315773,539.832637077202,5 355.876900859327,543.665369762952,5 355.643919139298,547.475927587907,5 355.244718141883,551.174365121497,5 354.787016070558,554.869808901282,5 354.354687702669,558.541991525829,5 353.931153294213,562.164567424702,5 353.578050346028,565.834551814292,5 353.304006243066,569.587326295887,5 353.09834140008,573.307309518029,5 352.947481179154,577.069249866485,5 352.868833520527,580.887668972701,5 352.869578953858,584.699571952551,5 352.959344698404,588.501380286762,5 353.109869693533,592.313062167939,5 353.261285184577,596.103717894026,5 353.399864063926,599.891136601825,5 353.542425680539,603.691391591768,5 353.677207689329,607.48702808389,5 353.804110017957,611.311400224273,5 353.93494126402,615.132299502595,5 354.071550895901,618.94033657529,5 354.189204474913,622.715845471899,5 354.325174576452,626.456929500962,5 354.479240666997,630.094860095407,5 354.614643889921,633.606661512936,5 354.789068216649,637.049546273483,5 355.057486452897,640.524855768478,5 355.3484965957,644.035936716285,5 355.554078600544,647.593093726631,5 355.549194023996,651.12509324094,5 355.630017840504,654.485517812963,5 356.593345215964,657.485424148783,5 359.274279810215,659.602844499625,5 363.036359416556,660.251120589782,5 366.688679935697,660.159033203623,5 370.185916443349,659.924328683526,5 373.64131942508,659.828102415364,5 377.153343782564,660.042610529669,5 380.797812719835,660.553187856026,5 384.523960498974,661.308606622892,5 388.263587197925,662.004888962305,5 391.987562702383,662.55715411553,5 395.747810735262,662.99671169852,5 399.490422774722,663.395798284826,5 403.258644491848,663.771209688624,5 406.989793164203,664.181730840056,5 410.68053994561,664.614184161542,5 414.379398195021,664.970717288755,5 418.02755651475,665.322414200662,5 421.592040654764,665.723092230439,5 425.216519795738,666.116677328407,5 428.877503031384,666.4757987105,5 432.522298898104,666.87046914515,5 436.122210593302,667.314862401428,5 439.737082655481,667.749374064376,5 443.343392988752,668.10714352961,5 446.899755065351,668.324170494554,5 450.523397273548,668.364511570612,5 454.221250574509,668.329034523389,5 457.991766929098,668.268320508778,5 461.909261574937,668.147098769438,5 465.83489750742,667.96344938502,5 469.719518587193,667.759255279163,5 473.548902397459,667.588685836085,5 477.324651523943,667.481089478137,5 481.0460974344,667.450949241275,5 484.719589141276,667.490147285066,5 488.364510346361,667.564652278403,5 492.026591353582,667.658491258409,5 495.706623973337,667.736355405173,5 499.433884445145,667.76829771892,5 503.197440218151,667.765601804517,5 506.981742604217,667.735349489193,5 510.765223955528,667.640390983102,5 514.55290904418,667.465422309099,5 518.347063348839,667.214654193895,5 522.141233056095,666.890561715123,5 525.926320408779,666.499443403647,5 529.693755464749,666.057237711977,5 533.444042597074,665.58523260423,5 537.184534719062,665.102008300806,5 540.899233719011,664.629458234544,5 544.585529955968,664.188373115917,5 548.248337721996,663.789266174897,5 551.876379889891,663.438886564011,5 555.471514700336,663.136476251826,5 559.033304881193,662.882824810521,5 562.568711460653,662.676512684571,5 566.086465403032,662.512765422786,5 569.596741448442,662.387431133039,5 573.107920912745,662.300664727307,5 576.603948654688,662.242312268074,5 580.095801991565,662.193164436334,5 583.579976431541,662.14076426256,5 587.059900788202,662.074726964394,5 590.550126980878,661.98708232973,5 594.046852051207,661.87801788338,5 597.550763593852,661.753657460423,5 601.064853031501,661.621837237695,5 604.594634448656,661.493811718971,5 608.133058971849,661.374334357858,5 611.682872030262,661.262779994376,5 615.2503831923,661.159442235875,5 618.832236889673,661.064086559712,5 622.429673071699,660.973329253504,5 626.048737329394,660.881443972911,5 629.691028767724,660.78107163104,5 633.344519496746,660.671028063889,5 637.011324818283,660.547460590021,5 640.694333119218,660.401425198005,5 644.389672952585,660.231227896916,5 648.097249425935,660.043297846493,5 651.817691106122,659.845051549671,5 655.547494012422,659.637336360552,5 659.287288103352,659.415146281193,5 663.039044348608,659.178061012735,5 666.795578965592,658.928413703909,5 670.552385397868,658.66619720269,5 674.309412091834,658.39372096368,5 678.065816422245,658.115020565148,5 681.819147987829,657.833905678512,5 685.571127894297,657.554595602531,5 689.323600686633,657.281297825907,5 693.078197041814,657.01771390506,5 696.839213171398,656.769258906027,5 700.604769798329,656.540813220579,5 704.366576093916,656.339652067553,5 708.128181167971,656.169541846068,5 711.893343891933,656.030834543385,5 715.666264510468,655.920323978241,5 719.452901846869,655.831000031247,5 723.257321055614,655.754714246291,5 727.08242551935,655.68445977473,5 730.919272429784,655.617928712808,5 734.773765406349,655.554679602453,5 738.650076297529,655.497512237084,5 742.553033530479,655.453849609521,5 746.463997588455,655.420441947548,5 750.383449089476,655.391290065087,5 754.312345448849,655.365759546736,5 758.247640111182,655.347410613982,5 762.180476365276,655.33860819562,5 766.110987880308,655.339785635559,5 770.039517339046,655.349115928906,5 773.963984797387,655.368558077835,5 777.887294200768,655.404355304722,5 781.812674532241,655.459066625037,5 785.743244936811,655.53209988182,5 789.681592938332,655.620447241286,5 793.630521132409,655.719109443797,5 797.580578972659,655.821796402173,5 801.533131447793,655.921909430538,5 805.489554102488,656.017531734447,5 809.455847470194,656.109872753159,5 813.436783268204,656.201765848924,5 817.435076345856,656.298165715347,5 821.437893155869,656.398434885448,5 825.447569003123,656.499643103019,5 829.469739825755,656.600796375707,5 833.49458353295,656.701970041172,5 837.523293041232,656.804973985816,5 841.560183677181,656.912728871381,5 845.599618604901,657.026713396534,5 849.628114643802,657.140157650494,5 853.64896581401,657.248796986774,5 857.666748955105,657.346130941713,5 861.663396112806,657.42598710253,5 865.642876804309,657.482680296154,5 869.610767908132,657.51975238838,5 873.575230921398,657.550060007291,5 877.54114305486,657.586790194956,5 881.522211962942,657.635530943629,5 885.501891743964,657.694715055241,5 889.481869975238,657.759807979869,5 893.469652875348,657.82927975744,5 897.47577414919,657.902270840793,5 901.491578306721,657.978410496651,5 905.511108594225,658.058305411485,5 909.540004053302,658.140790450961,5 913.570333469526,658.227577380054,5 917.599040655295,658.3256144692,5 921.626553866402,658.439335239066,5 925.653259053696,658.570670830633,5 929.679350709356,658.71950040215,5 933.704409106619,658.883924405831,5 937.72472764341,659.059332846411,5 941.740482510445,659.239042959604,5 945.7528162748,659.415664287071,5 949.756389073706,659.588293030123,5 953.750525213001,659.76293561622,5 957.73598071873,659.940944710645,5 961.711246716785,660.121468382031,5 965.676193892191,660.295107900951,5 969.633776144874,660.448153725727,5 973.585559130053,660.568673197394,5 977.53177825102,660.647753717872,5 981.47130775164,660.679685469294,5 985.400543887511,660.661894896768,5 989.322911061794,660.59882676428,5 993.241438416476,660.497255298226,5 997.158017302385,660.366073950501,5 1001.07328487409,660.21712159808,5 1004.98091129684,660.06137012962,5 1008.88817748447,659.903701578519,5 1012.7823706761,659.749095835154,5 1016.66849114696,659.602282728196,5 1020.55323295582,659.478776138605,5 1024.43808745249,659.396318472932,5 1028.30995827949,659.363802809197,5 1032.17469095113,659.388250181615,5 1036.01294410101,659.479042510715,5 1039.81275887106,659.651534741429,5 1043.57930120524,659.918428924986,5 1047.31376123031,660.287412342198,5 1051.02046362053,660.7540899311,5 1054.70297760806,661.253572337919,5 1058.37186397212,661.713223571042,5 1062.0464490451,662.09286459528,5 1065.72110919741,662.380459613274,5 1069.38931310547,662.620326367669,5 1073.05473616741,662.845786840189,5 1076.72197615137,663.017053633556,5 1080.42597652615,663.154664520512,5 1084.17334126458,663.277430907441,5 1087.93666931582,663.446216724785,5 1091.65674668837,663.686366445501,5 1095.28370456172,663.945680027915,5 1098.74973614129,664.074933895977,5 1102.03258527453,663.574506001611,5 1104.94901379696,661.775403144924,5 1106.96056801005,658.3067127496,5 1107.7574885393,653.977567910764,5 1107.83799431606,649.626799939347,5 1107.75122654332,645.432548022584,5 1107.66836262769,641.28385966985,5 1107.59095099974,637.145600149034,5 1107.5620544655,633.05495238588,5 1107.56668058681,628.970519989531,5 1107.61484101078,624.802288698311,5 1107.73368121344,620.578986043668,5 1107.89896898288,616.290291973278,5 1108.07674194473,611.915187526525,5 1108.27510248797,607.470052044709,5 1108.47603822259,602.979306737352,5 1108.64163000778,598.43987449519,5 1108.73564678892,593.852592704858,5 1108.75114415644,589.232108735828,5 1108.68767134882,584.609103165308,5 1108.5488110507,579.987239557952,5 1108.33518028367,575.364567098452,5 1108.05424129424,570.73957907688,5 1107.72453789271,566.105114475845,5 1107.35489537653,561.459339949865,5 1106.94379455502,556.794206210174,5 1106.4910887372,552.086974040768,5 1106.01094670433,547.364907678706,5 1105.52245935832,542.626280771277,5 1105.04402761643,537.863431935178,5 1104.58815817996,533.065632737188,5 1104.16760082536,528.259703054371,5 1103.7893544062,523.446682554148,5 1103.45458618787,518.626215950691,5 1103.24226467825,515.128902901925,5)"
        color="rgba(0,0,0,1)"/>
      <face
        id="71"
        frame="47"
        cycles="[72+ 75+ 78- 73+]"
        color="rgba(243,79,72,1)"/>
      <edge
        id="72"
        frame="47"
        startvertex="74"
        endvertex="76"
        curve="xywdense(5 358.102787251318,501.87223221647,5 360.872503265357,502.040960765176,5 364.619531502928,502.262080994302,5 368.368829025633,502.473317557383,5 372.129439508995,502.68770841578,5 375.901931431685,502.910085004292,5 379.686799877357,503.13366809808,5 383.449918083205,503.335539452333,5 387.192502230013,503.501370376474,5 390.916882714455,503.631075180018,5 394.624593919288,503.733445752544,5 398.324472055779,503.816378286737,5 402.025586709674,503.888923734171,5 405.73992309861,503.958507841902,5 409.471049400018,504.028581213592,5 413.230605972751,504.096029995258,5 416.994567666232,504.161356899655,5 420.762257681118,504.23230525581,5 424.542672238077,504.312601491935,5 428.345085118753,504.403369025622,5 432.162943256073,504.502627887735,5 435.97248411947,504.602793919937,5 439.774825765356,504.697234190204,5 443.558574855327,504.779255513219,5 447.321138621157,504.841907733902,5 451.066056324909,504.882442209114,5 454.787605430696,504.901526430701,5 458.491285160583,504.901669886411,5 462.188605340897,504.88971663815,5 465.871363216098,504.872535428702,5 469.550477228152,504.854724327681,5 473.225097056846,504.838827368011,5 476.882421861787,504.829006741462,5 480.530407879325,504.826317238876,5 484.175403988711,504.828062722458,5 487.822323090208,504.829405934034,5 491.49225236276,504.825171463514,5 495.172860469961,504.811364950884,5 498.870009713226,504.785933795688,5 502.599801388254,504.750755122553,5 506.363362267845,504.711289938828,5 510.15466548787,504.673790979995,5 513.948219787184,504.64550272934,5 517.734331313985,504.634131413108,5 521.510610927602,504.648811255157,5 525.276592491367,504.697465310926,5 529.035110189638,504.78602288103,5 532.787078083712,504.917861152994,5 536.537821529792,505.0938736017,5 540.292739976564,505.314194289004,5 544.05638640112,505.574033891797,5 547.825532321391,505.86658482786,5 551.588611700666,506.190717470404,5 555.346062314097,506.541990428321,5 559.098557088328,506.913563318243,5 562.847033257678,507.29747764873,5 566.592563388185,507.686317209077,5 570.334757444196,508.075618045629,5 574.070900092733,508.464218380343,5 577.802260002883,508.854124148798,5 581.528120655823,509.24450911231,5 585.251168359679,509.627688861496,5 588.975011470045,509.996588726424,5 592.702543045083,510.34461457762,5 596.439896724637,510.666883606382,5 600.178878416204,510.960982358139,5 603.921479286345,511.226358383902,5 607.670258908591,511.46373970605,5 611.428888082665,511.675895633448,5 615.190178562094,511.86372811429,5 618.947893715484,512.025550187552,5 622.702188611067,512.161680315765,5 626.453089436892,512.273229262836,5 630.200481972148,512.36172821407,5 633.944676284857,512.42862481857,5 637.684531454982,512.475368166797,5 641.42018996506,512.504630352949,5 645.152890812335,512.519709038823,5 648.884103764796,512.524031554925,5 652.615632101856,512.520616884578,5 656.349449433814,512.511404139574,5 660.086869707557,512.49683752184,5 663.824198285345,512.47846902756,5 667.563583770185,512.457280043416,5 671.305578604645,512.433071486952,5 675.041506113741,512.407737291459,5 678.772842085955,512.38308948958,5 682.501288720208,512.360405893279,5 686.228473092541,512.340242854604,5 689.955157112739,512.322406989505,5 693.676911709172,512.307312167332,5 697.395138418554,512.295352823491,5 701.110888036707,512.286652262479,5 704.82715210486,512.281084391745,5 708.538958566194,512.278353076854,5 712.247125580903,512.278037147548,5 715.953275686225,512.279608678525,5 719.659205143234,512.282517331073,5 723.366876064516,512.28631172428,5 727.078878881537,512.290808810791,5 730.795974387376,512.295812691063,5 734.519710016322,512.300352697555,5 738.253925133918,512.30368164135,5 741.993881804758,512.305353339948,5 745.735845323033,512.305075910103,5 749.481402605634,512.302902993339,5 753.231983463503,512.299285518389,5 756.989642703766,512.295156170048,5 760.750967863762,512.29156746232,5 764.51337423953,512.289125255851,5 768.277471287119,512.288299808047,5 772.04381079968,512.289427463661,5 775.812901848143,512.292712417765,5 779.585219245685,512.298226684798,5 783.360933760289,512.305907862859,5 787.141004910159,512.315566339618,5 790.922565015127,512.327297473938,5 794.705288100796,512.341409866844,5 798.490101137109,512.357764964242,5 802.273835285986,512.376156295321,5 806.05625490563,512.396309348633,5 809.837368708126,512.417495290991,5 813.617119737988,512.43863238813,5 817.395383941162,512.458398503731,5 821.171972251753,512.475331456906,5 824.946636735523,512.48792388472,5 828.719477742627,512.494785288496,5 832.491764189424,512.49484201101,5 836.264263394812,512.487041547107,5 840.037162132001,512.470476624041,5 843.812249374188,512.444477827731,5 847.583984655119,512.408436843025,5 851.351809012553,512.361554055864,5 855.115680324692,512.303407225796,5 858.875499797978,512.234015365033,5 862.631121396154,512.15383963422,5 866.38236558971,512.06379226552,5 870.129038147596,511.965250944932,5 873.871248870882,511.859851239599,5 877.609998751162,511.748251846075,5 881.345952878604,511.631211960879,5 885.079813149846,511.510125999148,5 888.812372025203,511.386919567245,5 892.544534986883,511.263948140053,5 896.27723235113,511.143889539935,5 900.011987260373,511.029609657388,5 903.7466741172,510.92309745316,5 907.479969459655,510.824478410623,5 911.212934483048,510.733779355152,5 914.946503656092,510.650844413515,5 918.681353302252,510.575371048294,5 922.413975984402,510.509128095261,5 926.145428181502,510.454069791547,5 929.876862896334,510.4119504244,5 933.609472186728,510.384197522644,5 937.344504176397,510.371765977453,5 941.083278321499,510.374993997333,5 944.827194929754,510.393461914254,5 948.573490893314,510.426664033779,5 952.319185514784,510.47527495293,5 956.065308538062,510.539368155088,5 959.812683776937,510.618192816899,5 963.561682754967,510.710411919073,5 967.308487933267,510.816084105271,5 971.053723353117,510.935545106143,5 974.798106103883,511.068451136759,5 978.542348512878,511.213961972294,5 982.287158032435,511.370946515457,5 986.03323689489,511.538161097266,5 989.781274670311,511.714471291397,5 993.52945624337,511.898488142378,5 997.275786933548,512.087736881581,5 1001.02102325067,512.279860425902,5 1004.76575289443,512.472818450867,5 1008.51038662865,512.665006543469,5 1012.25363810138,512.855113660428,5 1015.99636311707,513.042031129884,5 1019.73941232822,513.224579112468,5 1023.48357166485,513.401619459076,5 1027.22957302474,513.572166883454,5 1030.97810635297,513.735493675906,5 1034.72983126571,513.891230515715,5 1038.48509307409,514.039438624537,5 1042.24396702388,514.180748055763,5 1046.00068276708,514.314523581917,5 1049.75557639995,514.439619281092,5 1053.50914808914,514.555032192343,5 1057.2618142723,514.659968203987,5 1061.01392144631,514.753859925601,5 1064.76576175997,514.83637893427,5 1068.51758955236,514.907444593307,5 1072.26955464045,514.967227086464,5 1076.0213817387,515.01615117258,5 1079.77049626195,515.055296288877,5 1083.51774103368,515.086039710274,5 1087.26387136424,515.109099720152,5 1091.01054712122,515.124588190472,5 1094.75310961899,515.132703578946,5 1098.49168815405,515.134751722324,5 1103.24226467825,515.128902901925,5)"
        color="rgba(0,0,0,1)"/>
      <edge
        id="73"
        frame="47"
        startvertex="80"
        endvertex="74"
        curve="xywdense(5 356.006156367253,303.677086399666,5 356.093810436809,306.257669670589,5 356.15630955546,309.303451477811,5 355.955069948226,313.025039768217,5 355.728300319541,316.788908016043,5 355.571972344587,320.554625296393,5 355.68535565285,324.314065754407,5 356.035705425274,328.033418429028,5 356.316723408314,331.726368328756,5 356.295237665943,335.440704316544,5 356.067959008077,339.210392326673,5 355.85515683318,342.995365433167,5 355.744831605688,346.78883762651,5 355.891899431344,350.576264533451,5 356.267258568288,354.321715009181,5 356.628086215345,358.017231315947,5 356.747150662968,361.719270336278,5 356.603329168684,365.458855832269,5 356.381817157307,369.239934742309,5 356.20226116811,373.058475227505,5 356.192019346909,376.901436810011,5 356.407708340624,380.742881659713,5 356.77180899209,384.565756819237,5 357.153976318849,388.364120651743,5 357.438639859247,392.133355215358,5 357.539492684878,395.86787848722,5 357.431128074193,399.617304007713,5 357.20777429513,403.344671477552,5 357.008130961012,407.021885387222,5 356.979196165739,410.664019756798,5 357.192196638105,414.290446828045,5 357.397068402894,417.919478505135,5 357.346933753286,421.602177052904,5 357.108513955639,425.354444682603,5 356.873460282664,429.132285238032,5 356.782603365327,432.910015420621,5 356.9633528452,436.672700175449,5 357.331290007972,440.392627272486,5 357.623761119824,444.098063861476,5 357.628101926714,447.83417690142,5 357.40220281512,451.622852876401,5 357.177660072142,455.453538707155,5 357.018632725217,459.296152891983,5 357.002183827947,463.068554120887,5 357.157636074772,466.781603655281,5 357.398620088001,470.395332725832,5 357.610721471159,473.900848514407,5 357.738276112746,477.383712483919,5 357.811105431076,480.895963033038,5 357.881967810278,484.567352442448,5 357.939663019086,488.4402817843,5 357.975071018658,492.407115037239,5 358.018631263122,496.465378603423,5 358.087052878163,500.600410280841,5 358.102787251318,501.87223221647,5)"
        color="rgba(0,0,0,1)"/>
      <vertex
        id="74"
        frame="47"
        position="358.103 501.872"
        color="rgba(0,0,0,1)"/>
      <edge
        id="75"
        frame="47"
        startvertex="76"
        endvertex="82"
        curve="xywdense(5 1103.24226467825,515.128902901925,5 1103.09229593105,512.354725201135,5 1102.91897033562,508.976263421717,5 1102.73211554972,504.141990792694,5 1102.60230775235,499.298750274598,5 1102.52876072397,494.449385684759,5 1102.50930680463,489.582513959595,5 1102.54193849339,484.684629023627,5 1102.62508149772,479.760393881211,5 1102.754968164,474.811303821693,5 1102.92532867541,469.849282512162,5 1103.12854043467,464.871232592019,5 1103.24943499824,462.218809129801,5 1103.48636170593,457.37055951657,5 1103.61777696779,454.861491691075,5 1103.75442702406,452.349132047327,5 1103.89546800856,449.832933812962,5 1104.04046250448,447.312817337953,5 1104.18773663146,444.788194563801,5 1104.33611797583,442.258552788463,5 1104.48367043069,439.723585835748,5 1104.62838885654,437.181758362154,5 1104.76931361972,434.636244713005,5 1104.90426411104,432.088756169967,5 1105.03492797019,429.542144192304,5 1105.16216468068,427.000047692992,5 1105.28630944487,424.461813085117,5 1105.4084742365,421.928147963282,5 1105.52719277965,419.398607331527,5 1105.64152535202,416.872899137105,5 1105.75100274164,414.351272266964,5 1105.85485089468,411.833811027532,5 1105.95304451766,409.320717115369,5 1106.04544411881,406.812343975625,5 1106.13161828398,404.308320665384,5 1106.2112271027,401.808687763378,5 1106.34890463896,396.819260993066,5 1106.45669794478,391.839235554064,5 1106.53553495549,386.861032858238,5 1106.58785387659,381.881604213915,5 1106.61632213891,376.894314188446,5 1106.62585303747,371.910331662131,5 1106.62342105461,366.945753134973,5 1106.61271794935,361.994567984928,5 1106.59115921366,357.047648636607,5 1106.56269054866,353.34547935384,5 1106.52873288275,349.647794604641,5 1106.46326213979,344.73675152487,5 1106.37240950117,339.836215019562,5 1106.25232953366,334.950945504334,5 1106.10109808466,330.07220748902,5 1105.91713679493,325.192677337703,5 1105.78466688526,322.188940701307,5 1105.67519213681,319.795145333826,5)"
        color="rgba(0,0,0,1)"/>
      <vertex
        id="76"
        frame="47"
        position="1103.24 515.129"
        color="rgba(0,0,0,1)"/>
      <face
        id="77"
        frame="47"
        cycles="[81- 78- 79- 83-]"
        color="rgba(255,253,112,1)"/>
      <edge
        id="78"
        frame="47"
        startvertex="80"
        endvertex="82"
        curve="xywdense(5 356.006156367253,303.677086399666,5 358.565962038639,303.672834782172,5 361.595159288403,303.664589031242,5 365.350291915416,303.632635963759,5 369.103493111914,303.587833127449,5 372.852108277653,303.538723792821,5 376.615751297391,303.492380749872,5 380.378935826663,303.455010075453,5 384.136570785933,303.43448097064,5 387.888389197095,303.436302120925,5 391.638956366005,303.465649300289,5 395.400339689671,303.526746109723,5 399.150895555202,303.618901107274,5 402.895526780371,303.738634239396,5 406.631030287774,303.881626469159,5 410.359562437513,304.043314279727,5 414.085179785685,304.217484744301,5 417.811882029708,304.397163140156,5 421.549007017522,304.577226624793,5 425.283406267482,304.7625605689,5 429.01761453418,304.962012222758,5 432.752974513497,305.184993269312,5 436.480147431286,305.426830270604,5 440.201489402802,305.685759058476,5 443.919813396325,305.959599375342,5 447.638194828062,306.245527421273,5 451.363027419521,306.540285965193,5 455.088701876222,306.841484757748,5 458.812075387134,307.148510118132,5 462.535554454476,307.460275244678,5 466.262155318575,307.775647292225,5 469.995389842492,308.093654490781,5 473.740506198322,308.413849575727,5 477.490992356766,308.733827655992,5 481.240937884644,309.049460381,5 484.992229184455,309.35693480435,5 488.746583743207,309.651660032951,5 492.504695997093,309.929485710413,5 496.25966607007,310.191070415338,5 500.012058080189,310.437235419206,5 503.762361079055,310.66894691493,5 507.51096383137,310.887795809246,5 511.25787150537,311.096330235424,5 515.00411245116,311.298415363834,5 518.748560764311,311.494953283455,5 522.492178400549,311.685198470216,5 526.238322262793,311.869528610295,5 529.981809427959,312.046629603962,5 533.722973434424,312.215122053463,5 537.462985040578,312.374461374024,5 541.202939948568,312.52452469548,5 544.943912792767,312.665351407313,5 548.687008241621,312.796863987409,5 552.433400615875,312.918563634764,5 556.181111303463,313.029973570511,5 559.927893321283,313.132279924938,5 563.67511678216,313.226920672376,5 567.424130381931,313.31526229892,5 571.176302831291,313.39845115209,5 574.93305569134,313.477248430125,5 578.695876708941,313.551855478245,5 582.461313076796,313.622838621696,5 586.224932957846,313.69401197506,5 589.987602911611,313.769746631769,5 593.747719116841,313.85358941021,5 597.502698985149,313.946398114961,5 601.253995294854,314.048392172101,5 605.002999451955,314.15960272666,5 608.751057788053,314.27981072917,5 612.498993470872,314.40847095212,5 616.247959981811,314.544687057604,5 619.989996901576,314.687127342474,5 623.726184687437,314.834252506549,5 627.457768501794,314.98435577982,5 631.186521002498,315.135628933754,5 634.911288754972,315.286390275166,5 638.63379034464,315.435590279802,5 642.356463677847,315.581977001612,5 646.081581026557,315.72404107214,5 649.811314233005,315.860124207875,5 653.547753672073,315.988537058724,5 657.288665603638,316.10790163447,5 661.029199128887,316.219511909671,5 664.770959663291,316.325759402661,5 668.514961809828,316.428908136941,5 672.263061165843,316.531548922633,5 676.007698998942,316.63360324367,5 679.749719352775,316.733781120445,5 683.490499025931,316.830852963355,5 687.231380581326,316.923767019261,5 690.9731800778,317.011674131997,5 694.718807993294,317.094015535411,5 698.460752659081,317.16999211683,5 702.197324212314,317.238394680569,5 705.930023655689,317.298310496648,5 709.660307577084,317.349168815408,5 713.389656613444,317.390665598917,5 717.119594487824,317.422706279932,5 720.849277542075,317.44540504121,5 724.575994394854,317.459562928847,5 728.302294813915,317.466163110562,5 732.026827062386,317.466050480695,5 735.74412292177,317.46040323629,5 739.456602594888,317.450441141331,5 743.166646293273,317.43721347289,5 746.876625181147,317.421627263654,5 750.588524127994,317.404452983828,5 754.305168352833,317.386270889164,5 758.021664114916,317.367087245908,5 761.740078738751,317.346596900617,5 765.463851458857,317.324433543996,5 769.188723941913,317.300511771757,5 772.917280501705,317.275009549582,5 776.652457577924,317.248557514654,5 780.396411422707,317.222051314288,5 784.152561922032,317.196404184132,5 787.911730193638,317.172538926831,5 791.675304321112,317.151348177394,5 795.44460750155,317.134159190868,5 799.223324706575,317.122577433936,5 803.00324503474,317.118206570947,5 806.781822728533,317.122588806962,5 810.559569233232,317.137329303059,5 814.336603674275,317.164019500732,5 818.113778583103,317.204221926481,5 821.88840207193,317.259162694853,5 825.660227846966,317.329528223164,5 829.42994621696,317.415322826706,5 833.198187651192,317.515783819933,5 836.965567730747,317.629321836408,5 840.732694261246,317.753455700991,5 844.499055863738,317.885104707613,5 848.263383937408,318.022234393366,5 852.02717160689,318.162428974968,5 855.789268292461,318.302943778876,5 859.545543323757,318.443235646173,5 863.297474704025,318.582758471038,5 867.046572973676,318.720561410332,5 870.79437751629,318.855787794997,5 874.541905167808,318.988148780315,5 878.291470104091,319.11849157489,5 882.036795423873,319.245396164402,5 885.77835670817,319.366949708912,5 889.518521277544,319.482481835993,5 893.251284346907,319.589853141479,5 896.977562856118,319.686773477382,5 900.698744651329,319.771751796284,5 904.416234809875,319.843982822699,5 908.13110767848,319.903269106403,5 911.846122632227,319.949997203962,5 915.556536775323,319.984715398193,5 919.261706535367,320.008080474597,5 922.963650124655,320.021131804302,5 926.66435547892,320.025166650735,5 930.36587376618,320.021601523921,5 934.070420126774,320.011830400875,5 937.779827508515,319.9970833871,5 941.49748706695,319.978191114201,5 945.215673719495,319.956122654211,5 948.935840558121,319.931940854868,5 952.661759027122,319.906171242208,5 956.384835785097,319.88006206621,5 960.106528035367,319.855138308072,5 963.828959114417,319.832710184345,5 967.554019885594,319.813797436243,5 971.283458424548,319.799074867988,5 975.018974984112,319.788805167735,5 978.762217648611,319.782752851938,5 982.512480545568,319.780266735218,5 986.266170151331,319.780946559375,5 990.025512643547,319.784087683361,5 993.789958224674,319.788753288158,5 997.555453257929,319.794278361402,5 1001.32406487232,319.799993729292,5 1005.09755309681,319.805289454671,5 1008.87739603413,319.809688261768,5 1012.66441053841,319.812922359491,5 1016.45982424554,319.815049576642,5 1020.25480797907,319.81613997917,5 1024.04910446529,319.816397273949,5 1027.84379540877,319.816404619641,5 1031.62926479929,319.816404619641,5 1035.40508036924,319.816404619641,5 1039.17181794945,319.816404619641,5 1042.92979232215,319.816404619641,5 1046.6782662607,319.816404619641,5 1050.41363149532,319.816404619641,5 1054.13833098961,319.816404619641,5 1057.85530517176,319.816404619641,5 1061.56699361347,319.816404619641,5 1065.27444724556,319.816404619641,5 1068.97428171878,319.816404619641,5 1072.66642781584,319.816404619641,5 1076.34937580286,319.816404619641,5 1080.03340663939,319.816404619641,5 1083.72818128175,319.816404619641,5 1087.42804682745,319.816404619641,5 1091.13680829775,319.816404619641,5 1094.86365988306,319.816398411292,5 1098.60213542434,319.813981187463,5 1102.35428497316,319.805435522485,5 1105.67519213681,319.795145333826,5)"
        color="rgba(0,0,0,1)"/>
      <edge
        id="79"
        frame="47"
        startvertex="84"
        endvertex="80"
        curve="xywdense(5 365.415167136556,299.26990180775,5 363.57224597908,296.572115796056,5 361.311596052128,293.675615920816,5 357.855315985563,291.918969252533,5 354.71592085968,293.076625692353,5 354.02783643621,295.745093759281,5 353.860755205167,298.476587355656,5 354.926611339318,301.246655694923,5 356.006156367253,303.677086399666,5)"
        color="rgba(0,0,0,1)"/>
      <vertex
        id="80"
        frame="47"
        position="356.006 303.677"
        color="rgba(0,0,0,1)"/>
      <edge
        id="81"
        frame="47"
        startvertex="82"
        endvertex="85"
        curve="xywdense(5 1105.67519213681,319.795145333826,5 1103.41978809055,317.962610019415,5 1104.80258791263,316.921310062122,5 1107.50040732863,318.096864247208,5)"
        color="rgba(0,0,0,1)"/>
      <vertex
        id="82"
        frame="47"
        position="1105.68 319.795"
        color="rgba(0,0,0,1)"/>
      <edge
        id="83"
        frame="47"
        startvertex="85"
        endvertex="84"
        curve="xywdense(5 1107.50040732863,318.096864247208,5 1105.56443141224,316.603231477729,5 1103.13435370469,315.120323544351,5 1099.18153937549,315.206122233151,5 1095.75932984588,315.189087540097,5 1092.76991818695,314.671590154311,5 1089.79538144247,313.870686418608,5 1086.52143199998,313.17204592728,5 1082.89899842383,312.818810285593,5 1079.09704680639,312.859720683697,5 1075.19085076666,313.237199104436,5 1071.28080402471,313.764104317327,5 1067.42304607458,314.258987771646,5 1063.62442489988,314.634187285646,5 1059.87722314244,314.863460822754,5 1056.16767072072,314.920484882287,5 1052.49502661222,314.909808123325,5 1048.75527191759,314.93288272521,5 1044.98309325998,314.98820229584,5 1041.26671150601,315.124256224244,5 1037.5503429513,315.387528652022,5 1033.79150039521,315.710727524153,5 1029.92373976937,316.09635204596,5 1025.99763303091,316.534402747997,5 1021.95582263815,316.930180569145,5 1017.90152846377,317.200042533638,5 1013.84693304949,317.333524609296,5 1009.79805432446,317.397185749491,5 1005.77568732041,317.44098519473,5 1001.78883692193,317.449240105168,5 997.830320601094,317.399333538888,5 993.855780737148,317.329683470356,5 989.857049305013,317.265540936232,5 985.779156578309,317.201165401744,5 981.701672604918,317.130992922603,5 977.628284980038,317.060289568212,5 973.55945648398,316.987156027057,5 969.493587651273,316.908923606429,5 965.414097705447,316.834336337787,5 961.340610889953,316.749853476335,5 957.269802792295,316.631874877378,5 953.191940886157,316.462374678448,5 949.126390246981,316.237583383181,5 945.09148748983,315.972074645991,5 941.07828626748,315.680720195931,5 937.073375430556,315.37435419894,5 933.065787593503,315.055996528216,5 929.034960765668,314.713783349441,5 924.999014389678,314.364509821449,5 920.943290652071,314.024643720019,5 916.849994474087,313.706230726792,5 912.707595770162,313.410708280681,5 908.528628905269,313.128499687229,5 904.31775293177,312.848473248761,5 900.089680102033,312.584332332654,5 895.856341702966,312.353687774019,5 891.613087461082,312.156195131821,5 887.375408379493,311.992468640962,5 883.148388769126,311.862646969399,5 878.935144244802,311.759666073338,5 874.733620781552,311.673573096119,5 870.543394048695,311.601261942733,5 866.360547118826,311.550254219067,5 862.231065797579,311.523974809573,5 858.178392137168,311.513613242785,5 854.2017427486,311.516109379963,5 850.300151485319,311.536603095068,5 846.459882192691,311.590802887955,5 842.681636292631,311.696282517512,5 838.953849662279,311.870799171232,5 835.260546518256,312.127108669554,5 831.600474786342,312.461779587645,5 827.9719589683,312.819723668672,5 824.373652492301,313.178769306388,5 820.791648656647,313.534232443796,5 817.206231746738,313.874957680033,5 813.62980622753,314.189808221299,5 810.056643743493,314.477256848094,5 806.503385852862,314.730110364623,5 802.965482451686,314.943152323761,5 799.438101276224,315.116452472495,5 795.923894484377,315.254788102533,5 792.439661953965,315.35178584393,5 788.986648565582,315.403697007088,5 785.566225719988,315.410080331436,5 782.177874179983,315.3775453435,5 778.81890393782,315.317722888834,5 775.483827516097,315.244197405,5 772.173648397338,315.165655177633,5 768.881497959612,315.090666817501,5 765.597394331188,315.029185772268,5 762.324980142726,314.9894889784,5 759.066913214411,314.977370421652,5 755.816516646884,314.99891269849,5 752.560858689678,315.062013344849,5 749.287714263613,315.170476836087,5 745.983847475184,315.302951641983,5 742.673021384324,315.41708429211,5 739.353137330172,315.518023265979,5 736.036688406883,315.607264337782,5 732.719149110661,315.685614979028,5 729.395855930135,315.752485809414,5 726.062109787037,315.806911404182,5 722.71481799871,315.848238170483,5 719.362981515465,315.873788564731,5 716.00884253596,315.882749575503,5 712.650120295465,315.871478415006,5 709.281623538633,315.836783959872,5 705.899003960495,315.77766701482,5 702.50042302474,315.695844354314,5 699.081628657433,315.593633430245,5 695.634101720492,315.476119436174,5 692.165291919538,315.344217589212,5 688.673846184855,315.196475717622,5 685.15622188363,315.032806738911,5 681.608608579164,314.854240898644,5 678.037400366283,314.675443399294,5 674.449521730018,314.506558807058,5 670.851729415356,314.346876810508,5 667.244141533819,314.193348228093,5 663.627340405976,314.040198815338,5 660.000316397983,313.885241372966,5 656.361991440604,313.728534400653,5 652.711328611324,313.567791327135,5 649.04905501742,313.399342857115,5 645.374711710438,313.219631122932,5 641.687293390067,313.02345454846,5 637.985994810955,312.80399134154,5 634.270128147296,312.553296292089,5 630.535375044901,312.280102623332,5 626.776389883438,311.997333096916,5 622.997405857693,311.699613972971,5 619.204313894069,311.384125690348,5 615.395734824135,311.050315522595,5 611.557457886403,310.725872724306,5 607.687378702466,310.417895218283,5 603.785489410164,310.121240167411,5 599.853681262381,309.831289893372,5 595.891358821442,309.54412011701,5 591.897992118771,309.256668761237,5 587.873693513204,308.966895885206,5 583.81923707305,308.672112694142,5 579.733606603129,308.368296998395,5 575.615782619169,308.051777301395,5 571.472231667276,307.724532139169,5 567.309260485348,307.389676746719,5 563.124671386831,307.046389073331,5 558.916503825105,306.693241059446,5 554.682880476587,306.343374915479,5 550.421936522655,306.014955288784,5 546.132450064879,305.707957323572,5 541.810911960879,305.421837073122,5 537.468583859844,305.156221005344,5 533.107381994708,304.907592952961,5 528.725291007973,304.673136698383,5 524.325361712834,304.450374944346,5 519.912075165146,304.2391542772,5 515.477757308112,304.041902743843,5 511.016606934586,303.860973866798,5 506.523254381296,303.697392541041,5 502.005496699665,303.551281366984,5 497.459891759585,303.422079815933,5 492.879493860966,303.309400153836,5 488.260424470086,303.21233753593,5 483.602856273397,303.127864389619,5 478.918456924794,303.044130150371,5 474.201549191101,302.960552312585,5 469.465361411491,302.877127268951,5 464.69909783444,302.774728628112,5 459.90892389138,302.652712530488,5 455.117520000711,302.533782966703,5 450.351688443596,302.44138777809,5 445.615652768779,302.376416974778,5 440.905996654472,302.314312506686,5 436.21562502818,302.23153145385,5 431.520071538771,302.048042819067,5 426.792199661897,301.668771510125,5 422.028663608528,301.070474459561,5 417.257356946005,300.399023782963,5 412.512527327027,299.768546947964,5 407.81272366609,299.232832610471,5 403.197150909595,298.743680484966,5 398.558039559124,298.29187046524,5 393.827535904332,297.913000411794,5 389.026940614299,297.569328483551,5 384.222937200308,297.278918608363,5 379.609371496023,297.046371143649,5 375.362969386759,296.86598479671,5 371.51378600451,296.935629120228,5 367.897910595332,297.791530502014,5 365.415167136556,299.26990180775,5)"
        color="rgba(0,0,0,1)"/>
      <vertex
        id="84"
        frame="47"
        position="365.415 299.27"
        color="rgba(0,0,0,1)"/>
      <vertex
        id="85"
        frame="47"
        position="1107.5 318.097"
        color="rgba(0,0,0,1)"/>
    </objects>
  </layer>
</vec>
